0.00 0.00 0.00 0.00 1.00 1.00 1.00 1.00 1.00 2.00 3.00 4.00 4.00 4.00 4.00 4.00 4.00 4.00 4.00 4.00 4.00 4.00 4.00 5.00 6.00 6.00 7.00 7.00 7.00 8.00 8.00 9.00 9.00 10.00 10.00 11.00 11.00 11.00 12.00 12.00 12.50 12.50 13.00 13.75 14.50 14.50 14.50 15.25 15.25 15.25 15.75 16.00 16.00 16.25 17.00 17.75 17.75 18.50 19.25 19.25 20.00 20.00 20.00 20.25 20.75 21.25 21.50 22.50 22.75 22.75 22.75 23.50 24.25 24.25 24.25 24.25 24.50 24.50 25.25 26.00 26.75 27.00 27.00 27.25 28.25 28.50 29.25 29.25 30.00 30.00 30.75 31.50 31.50 31.50 31.50 31.75 31.75 32.50 33.50 33.75
0.00 0.00 0.00 0.00 0.00 0.00 0.00 1.00 1.00 2.00 3.00 4.00 4.00 4.00 4.00 4.00 4.00 4.00 4.00 4.00 4.00 4.00 4.00 5.00 6.00 6.00 7.00 7.00 7.00 8.00 8.00 9.00 9.00 10.00 10.00 11.00 11.00 11.00 12.00 12.00 12.00 12.25 13.00 13.75 14.50 14.50 14.50 14.50 15.00 15.00 15.75 16.00 16.00 16.00 17.00 17.75 17.75 18.50 19.25 19.25 20.00 20.00 20.00 20.00 20.50 20.75 21.50 22.50 22.75 22.75 22.75 23.50 23.50 23.50 23.75 23.75 24.50 24.50 25.25 26.00 26.25 27.00 27.00 27.25 28.25 28.50 28.50 29.25 30.00 30.00 30.75 30.75 30.75 30.75 30.75 31.75 31.75 32.25 33.00 33.00
0.00 0.00 0.00 0.00 0.00 0.00 0.00 1.00 1.00 2.00 3.00 3.00 3.00 3.00 3.00 3.00 4.00 4.00 4.00 4.00 4.00 4.00 4.00 5.00 6.00 6.00 7.00 7.00 7.00 8.00 8.00 8.00 9.00 10.00 10.00 10.00 11.00 11.00 11.75 12.00 12.00 12.25 13.00 13.75 13.75 13.75 13.75 14.00 14.00 15.00 15.25 16.00 16.00 16.00 16.75 17.00 17.00 17.50 18.25 19.00 19.00 19.00 19.75 19.75 20.25 20.75 20.75 21.75 22.75 22.75 22.75 22.75 22.75 23.00 23.75 23.75 24.00 24.50 24.75 25.00 25.25 26.00 26.00 27.00 27.25 28.00 28.00 28.25 29.00 29.75 29.75 29.75 30.50 30.50 30.75 30.75 31.00 31.50 32.00 32.00
0.00 0.00 0.00 0.00 0.00 0.00 0.00 0.00 1.00 2.00 2.00 2.00 2.00 2.00 3.00 3.00 3.00 3.00 4.00 4.00 4.00 4.00 4.00 5.00 5.00 6.00 6.00 7.00 7.00 7.00 8.00 8.00 9.00 9.00 9.00 9.00 10.00 11.00 11.00 11.00 11.50 12.25 13.00 13.00 13.00 13.00 13.25 13.25 13.75 14.50 15.00 15.75 15.75 16.00 16.00 16.75 16.75 17.00 17.25 18.00 18.00 18.75 19.00 19.50 19.75 20.00 20.00 21.00 22.00 22.00 22.00 22.00 22.25 23.00 23.00 23.25 23.25 23.75 24.00 24.00 24.75 25.00 25.50 26.00 26.25 27.00 27.50 27.50 28.00 28.75 28.75 28.75 29.50 30.25 30.25 30.75 30.75 30.75 31.00 31.25
0.00 0.00 0.00 0.00 0.00 0.00 0.00 0.00 1.00 1.00 1.00 1.00 2.00 2.00 2.00 2.00 2.00 2.00 3.00 3.00 4.00 4.00 4.00 4.00 4.00 5.00 6.00 7.00 7.00 7.00 8.00 8.00 9.00 9.00 9.00 9.00 9.75 10.00 10.00 10.75 11.50 12.25 12.25 12.25 12.25 13.00 13.00 13.00 13.75 14.50 15.00 15.00 15.00 16.00 16.00 16.75 16.75 17.00 17.25 18.00 18.00 18.00 19.00 19.00 19.00 19.75 20.00 20.25 21.25 21.25 21.25 21.50 22.25 22.25 22.25 23.00 23.00 23.75 24.00 24.00 24.25 24.75 25.00 26.00 26.25 27.00 27.25 27.50 28.00 28.25 28.25 28.25 29.00 29.25 30.00 30.00 30.25 30.50 30.75 31.00
0.00 0.00 0.00 0.00 0.00 0.00 0.00 0.00 0.00 0.00 1.00 1.00 1.00 1.00 1.00 1.00 2.00 2.00 2.00 3.00 3.00 3.00 3.00 4.00 4.00 5.00 6.00 6.00 6.00 7.00 7.00 8.00 8.00 9.00 9.00 9.00 9.00 9.00 10.00 10.75 11.50 11.50 11.50 12.25 12.25 12.25 12.25 13.00 13.75 14.00 14.00 15.00 15.00 15.00 16.00 16.75 16.75 16.75 17.25 17.25 17.75 18.00 18.00 18.75 19.00 19.25 19.75 20.25 21.25 21.25 21.25 21.50 22.25 22.25 22.25 22.25 23.00 23.00 23.50 23.75 24.25 24.75 24.75 25.25 26.25 26.75 27.25 27.50 27.50 27.75 28.25 28.25 28.50 29.25 29.25 29.75 30.25 30.50 30.75 30.75
0.00 0.00 0.00 0.00 0.00 0.00 0.00 0.00 0.00 0.00 0.00 0.00 1.00 1.00 1.00 1.00 2.00 2.00 2.00 3.00 3.00 3.00 3.00 3.00 4.00 5.00 6.00 6.00 6.00 6.00 7.00 8.00 8.00 8.00 8.00 8.00 9.00 9.00 10.00 10.75 11.50 11.50 11.50 11.50 11.50 11.75 12.00 13.00 13.00 13.00 14.00 14.00 14.75 15.00 16.00 16.00 16.00 16.50 17.00 17.00 17.00 17.00 18.00 18.00 18.75 19.00 19.50 19.50 20.50 20.75 20.75 21.50 21.50 21.50 21.50 22.25 22.25 22.75 23.00 23.50 24.00 24.00 24.50 25.00 26.00 26.50 26.75 26.75 27.00 27.50 27.50 27.75 28.25 28.75 29.00 29.75 29.75 30.00 30.00 30.00
0.00 0.00 0.00 0.00 0.00 0.00 0.00 0.00 0.00 0.00 0.00 0.00 1.00 1.00 1.00 1.00 2.00 2.00 2.00 3.00 3.00 3.00 3.00 3.00 4.00 5.00 5.00 6.00 6.00 6.00 7.00 7.00 7.00 7.00 7.00 8.00 9.00 9.00 10.00 10.75 10.75 10.75 10.75 11.00 11.00 11.75 11.75 12.00 12.00 13.00 14.00 14.00 14.00 14.50 15.00 15.00 15.00 16.00 16.25 16.75 17.00 17.00 17.50 17.50 18.25 19.00 19.00 19.00 20.00 20.75 20.75 20.75 20.75 21.50 21.50 22.25 22.25 22.75 22.75 23.00 23.25 23.75 24.00 24.75 25.25 26.00 26.00 26.50 27.00 27.25 27.50 27.50 28.25 28.25 29.00 29.75 29.75 29.75 29.75 30.00
0.00 0.00 0.00 0.00 0.00 0.00 0.00 0.00 0.00 0.00 0.00 0.00 0.00 0.00 1.00 1.00 1.00 1.00 2.00 2.00 2.00 2.00 2.00 3.00 4.00 4.00 5.00 5.00 5.00 6.00 6.00 6.00 6.00 7.00 7.00 8.00 8.00 9.00 10.00 10.00 10.00 10.00 10.00 11.00 11.00 11.00 11.25 12.00 12.00 12.00 13.00 13.00 13.75 13.75 14.50 15.00 15.00 15.75 16.00 16.00 16.75 16.75 16.75 17.50 18.25 18.25 18.50 19.00 20.00 20.00 20.00 20.75 20.75 20.75 21.50 21.50 22.00 22.00 22.50 22.75 23.25 23.75 23.75 24.00 25.00 25.75 25.75 26.50 26.50 26.75 27.50 27.50 27.50 28.25 29.00 29.00 29.00 29.75 29.75 30.00
0.00 0.00 0.00 0.00 0.00 0.00 0.00 0.00 0.00 0.00 0.00 0.00 0.00 0.00 1.00 1.00 1.00 1.00 2.00 2.00 2.00 2.00 2.00 3.00 3.00 4.00 5.00 5.00 5.00 5.00 5.00 6.00 6.00 6.00 7.00 7.00 8.00 9.00 9.00 9.00 10.00 10.00 10.00 10.00 10.00 11.00 11.25 11.25 12.00 12.00 13.00 13.00 13.75 13.75 14.00 15.00 15.00 15.00 16.00 16.00 16.00 16.00 16.75 17.50 17.75 17.75 18.00 18.50 19.00 19.00 19.00 20.00 20.00 20.00 20.50 21.25 21.25 21.75 22.00 22.50 23.00 23.00 23.75 24.00 25.00 25.00 25.75 25.75 26.00 26.75 26.75 26.75 27.50 28.25 29.00 29.00 29.00 29.00 29.00 30.00
0.00 0.00 0.00 0.00 0.00 0.00 0.00 0.00 0.00 0.00 0.00 0.00 0.00 0.00 1.00 1.00 1.00 1.00 2.00 2.00 2.00 2.00 2.00 3.00 3.00 4.00 4.00 5.00 5.00 5.00 5.00 6.00 6.00 6.00 7.00 7.00 8.00 9.00 9.00 9.00 9.00 10.00 10.00 10.00 10.00 11.00 11.25 11.25 11.25 12.00 13.00 13.00 13.00 13.50 14.00 14.00 14.75 15.00 15.25 16.00 16.00 16.00 16.75 17.50 17.50 17.50 18.00 18.00 19.00 19.00 19.00 19.75 19.75 19.75 20.50 21.25 21.25 21.75 21.75 22.00 22.25 23.00 23.50 24.00 24.25 25.00 25.50 25.50 26.00 26.75 26.75 26.75 27.50 28.25 28.25 28.25 28.25 28.50 29.00 29.25
0.00 0.00 0.00 0.00 0.00 0.00 0.00 0.00 0.00 0.00 0.00 0.00 0.00 0.00 0.00 0.00 1.00 1.00 1.00 1.00 1.00 1.00 1.00 2.00 3.00 3.00 4.00 4.00 4.00 4.00 5.00 5.00 6.00 6.00 6.00 7.00 8.00 8.00 8.00 9.00 9.00 9.00 9.00 9.00 10.00 10.50 10.50 11.00 11.00 11.75 12.00 12.00 12.75 13.00 13.00 14.00 14.00 14.50 15.25 16.00 16.00 16.00 16.75 16.75 16.75 17.25 17.50 18.00 18.75 19.00 19.00 19.00 19.50 19.75 19.75 20.25 21.00 21.00 21.75 22.00 22.25 23.00 23.00 24.00 24.25 25.00 25.00 25.25 26.00 26.75 26.75 26.75 27.50 27.50 27.50 27.75 28.00 28.50 29.00 29.00
0.00 0.00 0.00 0.00 0.00 0.00 0.00 0.00 0.00 0.00 0.00 0.00 0.00 0.00 0.00 0.00 0.00 0.00 0.00 0.00 0.00 0.00 0.00 1.00 2.00 2.00 3.00 3.00 3.00 4.00 4.00 5.00 5.00 6.00 6.00 7.00 7.00 7.00 8.00 8.00 8.00 8.00 8.00 9.00 9.75 9.75 9.75 10.00 11.00 11.00 11.75 12.00 12.00 12.00 13.00 13.75 13.75 14.50 15.25 15.25 16.00 16.00 16.00 16.00 16.50 16.50 17.25 18.00 18.00 18.00 18.00 18.75 19.50 19.50 19.50 19.50 20.25 20.50 21.25 22.00 22.25 23.00 23.00 23.25 24.25 24.50 24.50 25.25 26.00 26.00 26.75 26.75 26.75 26.75 26.75 27.75 27.75 28.25 29.00 29.00
0.00 0.00 0.00 0.00 0.00 0.00 0.00 0.00 0.00 0.00 0.00 0.00 0.00 0.00 0.00 0.00 0.00 0.00 0.00 0.00 0.00 0.00 0.00 1.00 2.00 2.00 3.00 3.00 3.00 4.00 4.00 5.00 5.00 6.00 6.00 7.00 7.00 7.00 8.00 8.00 8.00 8.00 8.00 9.00 9.00 9.00 9.00 10.00 11.00 11.00 11.75 12.00 12.00 12.00 13.00 13.75 13.75 14.50 15.25 15.25 15.25 15.25 15.50 15.75 16.50 16.50 17.25 17.75 18.00 18.00 18.00 18.75 18.75 18.75 19.50 19.50 20.25 20.50 21.25 21.25 22.25 22.50 22.50 23.25 24.25 24.50 24.50 25.25 26.00 26.00 26.00 26.00 26.25 26.50 26.50 27.00 27.50 28.25 28.25 29.00
0.00 0.00 0.00 0.00 0.00 0.00 0.00 0.00 0.00 0.00 0.00 0.00 0.00 0.00 0.00 0.00 0.00 0.00 0.00 0.00 0.00 0.00 0.00 1.00 2.00 2.00 3.00 3.00 3.00 4.00 4.00 5.00 5.00 6.00 6.00 7.00 7.00 7.00 7.00 7.00 7.00 7.00 8.00 8.00 9.00 9.00 9.00 10.00 11.00 11.00 11.75 12.00 12.00 12.00 13.00 13.75 13.75 14.50 14.50 14.50 15.00 15.00 15.50 15.75 16.50 16.50 17.00 17.25 17.50 17.75 17.75 17.75 18.50 18.50 19.25 19.50 20.00 20.50 20.75 21.00 21.75 21.75 22.50 22.50 23.50 24.50 24.50 25.25 25.25 25.25 25.25 25.25 26.25 26.50 26.50 26.50 27.50 27.50 28.00 28.50
0.00 0.00 0.00 0.00 0.00 0.00 0.00 0.00 0.00 0.00 0.00 0.00 0.00 0.00 0.00 0.00 0.00 0.00 0.00 0.00 0.00 0.00 0.00 1.00 2.00 2.00 3.00 3.00 3.00 4.00 4.00 5.00 5.00 5.00 6.00 6.00 6.00 6.00 7.00 7.00 7.00 7.00 7.00 8.00 8.00 9.00 9.00 10.00 10.00 11.00 11.00 11.00 11.75 12.00 13.00 13.00 13.75 13.75 14.00 14.00 14.75 14.75 15.00 15.75 15.75 16.00 16.50 16.75 17.00 17.00 17.00 17.75 18.25 18.25 18.50 19.00 19.00 19.75 20.00 20.75 21.00 21.75 22.50 22.50 23.00 23.75 24.50 24.50 24.50 24.50 24.50 24.75 25.50 26.50 26.50 26.50 26.75 27.25 27.75 27.75
0.00 0.00 0.00 0.00 0.00 0.00 0.00 0.00 0.00 0.00 0.00 0.00 0.00 0.00 0.00 0.00 0.00 0.00 0.00 0.00 0.00 0.00 0.00 1.00 2.00 2.00 3.00 3.00 3.00 4.00 4.00 4.00 4.00 5.00 5.00 6.00 6.00 6.00 6.00 6.00 7.00 7.00 7.00 8.00 8.00 8.00 8.00 9.00 10.00 10.00 11.00 11.00 11.75 11.75 12.50 13.00 13.00 13.75 14.00 14.00 14.75 14.75 14.75 15.00 15.75 15.75 16.50 16.75 17.00 17.00 17.00 17.75 18.25 18.25 18.25 18.75 19.00 19.75 20.00 20.75 21.00 21.75 21.75 22.00 23.00 23.75 23.75 24.25 24.50 24.50 24.50 24.75 25.25 25.75 25.75 25.75 26.75 27.25 27.75 27.75
0.00 0.00 0.00 0.00 0.00 0.00 0.00 0.00 0.00 0.00 0.00 0.00 0.00 0.00 0.00 0.00 0.00 0.00 0.00 0.00 0.00 0.00 0.00 1.00 2.00 2.00 3.00 3.00 3.00 3.00 3.00 4.00 4.00 4.00 5.00 5.00 5.00 5.00 6.00 6.00 7.00 7.00 7.00 7.00 8.00 8.00 8.00 9.00 10.00 10.00 11.00 11.00 11.75 11.75 12.00 13.00 13.00 13.00 14.00 14.00 14.00 14.00 14.00 15.00 15.75 15.75 16.00 16.50 16.50 17.00 17.00 17.50 17.50 17.50 18.25 18.25 19.00 19.00 20.00 20.00 21.00 21.00 21.50 22.00 23.00 23.00 23.50 23.75 23.75 23.75 24.00 24.50 24.75 25.50 25.50 25.75 26.50 27.00 27.00 27.25
0.00 0.00 0.00 0.00 0.00 0.00 0.00 0.00 0.00 0.00 0.00 0.00 0.00 0.00 0.00 0.00 0.00 0.00 0.00 0.00 0.00 0.00 0.00 1.00 2.00 2.00 2.00 2.00 2.00 3.00 3.00 3.00 3.00 4.00 4.00 5.00 5.00 5.00 6.00 6.00 6.00 6.00 6.00 7.00 8.00 8.00 8.00 9.00 10.00 10.00 10.00 11.00 11.00 11.00 12.00 12.00 12.00 12.75 13.00 13.00 13.75 14.00 14.00 14.00 15.00 15.00 16.00 16.00 16.00 16.25 16.75 17.50 17.50 17.50 18.25 18.25 18.75 19.00 19.00 19.75 20.00 20.75 20.75 21.00 22.00 22.75 22.75 23.25 23.75 23.75 24.00 24.50 24.50 24.75 24.75 25.50 25.75 26.25 26.75 27.25
0.00 0.00 0.00 0.00 0.00 0.00 0.00 0.00 0.00 0.00 0.00 0.00 0.00 0.00 0.00 0.00 0.00 0.00 0.00 0.00 0.00 0.00 0.00 1.00 1.00 1.00 1.00 1.00 2.00 2.00 3.00 3.00 3.00 4.00 4.00 5.00 5.00 5.00 6.00 6.00 6.00 6.00 6.00 7.00 8.00 8.00 8.00 9.00 9.00 9.00 10.00 10.00 10.00 11.00 11.00 11.75 11.75 12.25 13.00 13.00 13.25 13.25 13.75 14.00 14.25 15.00 15.00 16.00 16.00 16.00 16.00 16.75 17.50 17.50 18.00 18.00 18.25 18.25 19.00 19.25 20.00 20.50 20.50 21.00 22.00 22.25 22.50 23.00 23.25 23.25 23.75 24.00 24.00 24.50 24.50 24.75 25.25 26.00 26.50 26.75
0.00 0.00 0.00 0.00 0.00 0.00 0.00 0.00 0.00 0.00 0.00 0.00 0.00 0.00 0.00 0.00 0.00 0.00 0.00 0.00 0.00 0.00 0.00 0.00 1.00 1.00 1.00 1.00 1.00 2.00 2.00 2.00 3.00 4.00 4.00 5.00 5.00 5.00 6.00 6.00 6.00 6.00 6.00 7.00 8.00 8.00 8.00 8.00 9.00 9.00 10.00 10.00 10.00 10.00 11.00 11.50 11.50 12.25 12.50 12.50 13.00 13.00 13.25 13.50 14.25 14.25 15.00 16.00 16.00 16.00 16.00 16.75 17.25 17.25 17.50 17.50 18.00 18.25 18.75 19.00 19.75 20.50 20.50 20.50 21.50 22.25 22.25 22.50 23.00 23.00 23.25 23.75 23.75 24.25 24.25 24.75 25.25 25.75 26.00 26.50
0.00 0.00 0.00 0.00 0.00 0.00 0.00 0.00 0.00 0.00 0.00 0.00 0.00 0.00 0.00 0.00 0.00 0.00 0.00 0.00 0.00 0.00 0.00 0.00 0.00 0.00 0.00 1.00 1.00 2.00 2.00 2.00 3.00 4.00 4.00 5.00 5.00 5.00 5.00 5.00 5.00 5.00 6.00 7.00 7.00 7.00 7.00 8.00 9.00 9.00 10.00 10.00 10.00 10.00 10.75 11.50 11.50 11.75 11.75 12.00 13.00 13.00 13.00 13.50 14.25 14.25 15.00 15.25 16.00 16.00 16.00 16.50 16.50 16.50 17.25 17.25 18.00 18.00 18.75 19.00 19.75 19.75 20.00 20.00 20.75 21.75 21.75 22.25 22.50 22.50 23.00 23.75 23.75 23.75 24.00 24.50 25.00 25.25 25.75 26.00
0.00 0.00 0.00 0.00 0.00 0.00 0.00 0.00 0.00 0.00 0.00 0.00 0.00 0.00 0.00 0.00 0.00 0.00 0.00 0.00 0.00 0.00 0.00 0.00 0.00 0.00 0.00 1.00 1.00 2.00 2.00 2.00 3.00 4.00 4.00 4.00 4.00 4.00 5.00 5.00 5.00 5.00 6.00 6.00 6.00 7.00 7.00 8.00 8.00 9.00 9.00 10.00 10.00 10.00 10.75 11.00 11.00 11.00 11.75 11.75 12.50 13.00 13.00 13.50 14.25 14.25 14.50 14.50 15.00 15.50 15.75 15.75 16.25 16.25 16.50 17.00 17.50 17.75 18.25 18.50 19.00 19.00 19.50 19.75 20.75 21.00 21.25 21.75 21.75 22.25 23.00 23.00 23.00 23.50 23.50 24.00 24.50 24.75 25.00 25.50
0.00 0.00 0.00 0.00 0.00 0.00 0.00 0.00 0.00 0.00 0.00 0.00 0.00 0.00 0.00 0.00 0.00 0.00 0.00 0.00 0.00 0.00 0.00 0.00 0.00 0.00 0.00 1.00 1.00 1.00 2.00 2.00 3.00 3.00 3.00 3.00 3.00 4.00 4.00 5.00 5.00 5.00 5.00 5.00 6.00 6.00 7.00 7.00 7.00 8.00 9.00 9.00 9.00 10.00 10.00 10.00 10.00 11.00 11.00 11.75 11.75 12.00 13.00 13.50 13.50 13.75 13.75 14.00 14.50 15.00 15.00 15.50 15.50 15.75 16.00 16.75 17.00 17.50 18.00 18.00 18.00 18.75 19.00 19.75 20.00 21.00 21.00 21.00 21.50 22.25 22.25 22.25 23.00 23.50 23.50 23.50 24.00 24.25 24.75 24.75
0.00 0.00 0.00 0.00 0.00 0.00 0.00 0.00 0.00 0.00 0.00 0.00 0.00 0.00 0.00 0.00 0.00 0.00 0.00 0.00 0.00 0.00 0.00 0.00 0.00 0.00 0.00 0.00 1.00 1.00 2.00 2.00 2.00 2.00 2.00 2.00 3.00 3.00 4.00 4.00 4.00 4.00 5.00 5.00 5.00 6.00 6.00 7.00 7.00 8.00 8.00 9.00 9.00 10.00 10.00 10.00 10.00 10.75 11.00 11.75 11.75 12.00 12.75 13.00 13.00 13.75 13.75 13.75 14.50 14.75 14.75 15.50 15.50 15.50 16.00 16.75 16.75 17.25 17.75 17.75 18.00 18.75 18.75 19.75 20.00 20.75 20.75 20.75 21.50 22.25 22.25 22.25 22.75 22.75 22.75 23.50 23.75 24.25 24.75 24.75
0.00 0.00 0.00 0.00 0.00 0.00 0.00 0.00 0.00 0.00 0.00 0.00 0.00 0.00 0.00 0.00 0.00 0.00 0.00 0.00 0.00 0.00 0.00 0.00 0.00 0.00 0.00 0.00 0.00 1.00 1.00 1.00 1.00 1.00 1.00 2.00 2.00 2.00 3.00 3.00 3.00 3.00 4.00 5.00 5.00 5.00 5.00 6.00 7.00 7.00 8.00 9.00 9.00 9.00 10.00 10.00 10.00 10.75 11.00 11.00 11.75 12.00 12.00 12.00 13.00 13.00 13.75 13.75 14.00 14.25 14.75 15.50 15.50 15.50 16.00 16.00 16.50 16.75 17.00 17.75 18.00 18.75 18.75 19.00 20.00 20.75 20.75 20.75 21.50 21.50 21.50 22.00 22.00 22.75 22.75 23.50 23.75 24.25 24.75 24.75
0.00 0.00 0.00 0.00 0.00 0.00 0.00 0.00 0.00 0.00 0.00 0.00 0.00 0.00 0.00 0.00 0.00 0.00 0.00 0.00 0.00 0.00 0.00 0.00 0.00 0.00 0.00 0.00 0.00 0.00 0.00 0.00 0.00 1.00 1.00 2.00 2.00 2.00 3.00 3.00 3.00 3.00 4.00 4.00 5.00 5.00 5.00 6.00 7.00 7.00 8.00 9.00 9.00 9.00 9.00 10.00 10.00 10.00 11.00 11.00 11.00 12.00 12.00 12.00 13.00 13.00 13.00 13.50 13.50 14.25 14.75 14.75 15.00 15.25 15.25 15.75 16.00 16.00 17.00 17.00 18.00 18.00 18.00 19.00 20.00 20.00 20.00 20.75 20.75 20.75 21.00 22.00 22.00 22.00 22.25 22.75 23.50 24.00 24.00 24.00
0.00 0.00 0.00 0.00 0.00 0.00 0.00 0.00 0.00 0.00 0.00 0.00 0.00 0.00 0.00 0.00 0.00 0.00 0.00 0.00 0.00 0.00 0.00 0.00 0.00 0.00 0.00 0.00 0.00 0.00 0.00 0.00 0.00 1.00 1.00 2.00 2.00 2.00 3.00 3.00 3.00 3.00 3.00 4.00 5.00 5.00 5.00 6.00 7.00 7.00 8.00 8.00 8.00 8.00 9.00 10.00 10.00 10.00 11.00 11.00 11.00 11.00 11.00 12.00 12.00 12.00 13.00 13.50 13.50 14.00 14.00 14.00 14.50 14.50 15.00 15.00 16.00 16.00 17.00 17.00 18.00 18.00 18.00 19.00 20.00 20.00 20.00 20.75 20.75 20.75 21.00 21.25 21.75 22.00 22.00 22.75 23.50 24.00 24.00 24.00
0.00 0.00 0.00 0.00 0.00 0.00 0.00 0.00 0.00 0.00 0.00 0.00 0.00 0.00 0.00 0.00 0.00 0.00 0.00 0.00 0.00 0.00 0.00 0.00 0.00 0.00 0.00 0.00 0.00 0.00 0.00 0.00 0.00 1.00 1.00 1.00 2.00 2.00 3.00 3.00 3.00 3.00 3.00 4.00 5.00 5.00 5.00 6.00 6.00 7.00 8.00 8.00 8.00 8.00 9.00 9.00 9.00 10.00 10.00 10.00 10.75 11.00 11.00 11.00 12.00 12.00 12.75 13.00 13.00 13.00 13.00 13.75 14.25 14.25 14.50 15.00 15.75 16.00 16.00 17.00 17.00 17.00 18.00 18.00 19.00 20.00 20.00 20.00 20.00 20.00 20.50 21.00 21.00 22.00 22.00 22.00 23.00 23.25 23.25 23.25
0.00 0.00 0.00 0.00 0.00 0.00 0.00 0.00 0.00 0.00 0.00 0.00 0.00 0.00 0.00 0.00 0.00 0.00 0.00 0.00 0.00 0.00 0.00 0.00 0.00 0.00 0.00 0.00 0.00 0.00 0.00 0.00 0.00 0.00 0.00 1.00 2.00 2.00 2.00 3.00 3.00 3.00 3.00 4.00 4.00 5.00 5.00 5.00 6.00 7.00 7.00 7.00 7.00 8.00 8.00 9.00 9.00 9.00 9.00 10.00 10.00 10.00 11.00 11.00 11.00 12.00 12.00 12.25 13.00 13.00 13.00 13.50 13.50 13.75 14.25 15.00 15.00 15.25 16.00 16.00 16.00 16.75 17.00 18.00 18.00 19.00 19.00 19.00 19.00 19.75 20.00 20.00 20.75 21.00 21.00 21.75 22.50 22.50 22.50 22.75
0.00 0.00 0.00 0.00 0.00 0.00 0.00 0.00 0.00 0.00 0.00 0.00 0.00 0.00 0.00 0.00 0.00 0.00 0.00 0.00 0.00 0.00 0.00 0.00 0.00 0.00 0.00 0.00 0.00 0.00 0.00 0.00 0.00 0.00 0.00 1.00 1.00 1.00 2.00 2.00 2.00 2.00 3.00 4.00 4.00 4.00 4.00 5.00 6.00 6.00 6.00 7.00 7.00 7.00 8.00 9.00 9.00 9.00 9.00 9.00 10.00 10.00 10.00 11.00 11.00 11.00 12.00 12.25 13.00 13.00 13.00 13.50 13.50 13.50 14.25 14.25 14.50 15.00 15.25 16.00 16.00 16.75 17.00 17.00 18.00 19.00 19.00 19.00 19.00 19.75 19.75 20.00 20.00 21.00 21.00 21.75 22.50 22.50 22.50 22.75
0.00 0.00 0.00 0.00 0.00 0.00 0.00 0.00 0.00 0.00 0.00 0.00 0.00 0.00 0.00 0.00 0.00 0.00 0.00 0.00 0.00 0.00 0.00 0.00 0.00 0.00 0.00 0.00 0.00 0.00 0.00 0.00 0.00 0.00 0.00 0.00 0.00 1.00 2.00 2.00 2.00 2.00 3.00 3.00 3.00 3.00 4.00 5.00 5.00 5.00 6.00 7.00 7.00 7.00 8.00 8.00 8.00 8.00 8.00 9.00 9.00 10.00 10.00 10.00 11.00 11.00 11.50 11.50 12.00 12.75 12.75 12.75 13.00 13.50 13.50 13.75 14.00 14.50 15.00 15.00 16.00 16.00 16.00 17.00 17.00 18.00 18.00 18.00 18.00 18.75 19.00 20.00 20.00 20.00 20.75 20.75 21.50 21.50 22.00 22.00
0.00 0.00 0.00 0.00 0.00 0.00 0.00 0.00 0.00 0.00 0.00 0.00 0.00 0.00 0.00 0.00 0.00 0.00 0.00 0.00 0.00 0.00 0.00 0.00 0.00 0.00 0.00 0.00 0.00 0.00 0.00 0.00 0.00 0.00 0.00 0.00 0.00 1.00 2.00 2.00 2.00 2.00 2.00 3.00 3.00 3.00 4.00 5.00 5.00 5.00 6.00 6.00 6.00 7.00 8.00 8.00 8.00 8.00 8.00 9.00 9.00 9.00 10.00 10.00 10.75 11.00 11.50 11.50 12.00 12.00 12.00 12.75 12.75 12.75 13.50 13.50 14.00 14.50 15.00 15.00 15.75 15.75 16.00 17.00 17.00 18.00 18.00 18.00 18.00 18.75 19.00 19.75 19.75 20.00 20.00 20.75 21.50 21.50 21.75 21.75
0.00 0.00 0.00 0.00 0.00 0.00 0.00 0.00 0.00 0.00 0.00 0.00 0.00 0.00 0.00 0.00 0.00 0.00 0.00 0.00 0.00 0.00 0.00 0.00 0.00 0.00 0.00 0.00 0.00 0.00 0.00 0.00 0.00 0.00 0.00 0.00 0.00 1.00 1.00 1.00 1.00 2.00 2.00 2.00 2.00 3.00 4.00 4.00 4.00 5.00 5.00 6.00 6.00 7.00 7.00 7.00 7.00 7.00 7.00 8.00 8.00 9.00 10.00 10.00 10.00 10.75 10.75 11.00 11.00 11.50 11.75 12.00 12.00 12.25 12.50 13.25 14.00 14.00 15.00 15.00 15.00 15.00 15.00 16.00 16.00 17.00 17.00 17.25 18.00 18.00 19.00 19.00 19.75 19.75 19.75 20.25 20.50 20.75 21.00 21.00
0.00 0.00 0.00 0.00 0.00 0.00 0.00 0.00 0.00 0.00 0.00 0.00 0.00 0.00 0.00 0.00 0.00 0.00 0.00 0.00 0.00 0.00 0.00 0.00 0.00 0.00 0.00 0.00 0.00 0.00 0.00 0.00 0.00 0.00 0.00 0.00 0.00 0.00 0.00 1.00 1.00 1.00 2.00 2.00 2.00 3.00 3.00 3.00 4.00 5.00 5.00 6.00 6.00 6.00 6.00 6.00 6.00 7.00 7.00 7.00 8.00 9.00 9.00 9.00 10.00 10.00 10.00 10.00 11.00 11.50 11.75 11.75 12.00 12.25 12.25 13.00 13.00 13.75 14.00 14.00 15.00 15.00 15.00 15.75 16.00 17.00 17.00 17.25 17.25 18.00 18.00 19.00 19.00 19.00 19.50 19.75 20.25 20.25 21.00 21.00
0.00 0.00 0.00 0.00 0.00 0.00 0.00 0.00 0.00 0.00 0.00 0.00 0.00 0.00 0.00 0.00 0.00 0.00 0.00 0.00 0.00 0.00 0.00 0.00 0.00 0.00 0.00 0.00 0.00 0.00 0.00 0.00 0.00 0.00 0.00 0.00 0.00 0.00 0.00 1.00 1.00 1.00 1.00 1.00 2.00 3.00 3.00 3.00 4.00 5.00 5.00 5.00 5.00 5.00 5.00 6.00 6.00 6.00 6.00 7.00 8.00 8.00 9.00 9.00 9.00 10.00 10.00 10.00 10.75 11.00 11.00 11.00 11.50 11.75 12.25 13.00 13.00 13.75 14.00 14.00 14.75 14.75 15.00 15.75 15.75 16.50 16.75 17.25 17.25 18.00 18.00 18.25 19.00 19.00 19.00 19.50 19.75 20.00 20.50 21.00
0.00 0.00 0.00 0.00 0.00 0.00 0.00 0.00 0.00 0.00 0.00 0.00 0.00 0.00 0.00 0.00 0.00 0.00 0.00 0.00 0.00 0.00 0.00 0.00 0.00 0.00 0.00 0.00 0.00 0.00 0.00 0.00 0.00 0.00 0.00 0.00 0.00 0.00 0.00 0.00 0.00 0.00 0.00 1.00 2.00 2.00 2.00 3.00 4.00 4.00 4.00 4.00 4.00 4.00 5.00 6.00 6.00 6.00 6.00 7.00 8.00 8.00 8.00 8.00 9.00 9.00 10.00 10.00 10.00 10.00 10.00 10.75 11.50 11.50 12.25 12.25 13.00 13.00 13.75 14.00 14.75 14.75 15.00 15.00 15.75 16.00 16.50 17.25 17.25 17.25 17.50 18.25 18.25 18.50 18.75 19.00 19.50 19.75 20.50 21.00
0.00 0.00 0.00 0.00 0.00 0.00 0.00 0.00 0.00 0.00 0.00 0.00 0.00 0.00 0.00 0.00 0.00 0.00 0.00 0.00 0.00 0.00 0.00 0.00 0.00 0.00 0.00 0.00 0.00 0.00 0.00 0.00 0.00 0.00 0.00 0.00 0.00 0.00 0.00 0.00 0.00 0.00 0.00 1.00 2.00 2.00 2.00 3.00 3.00 3.00 4.00 4.00 4.00 4.00 5.00 5.00 5.00 5.00 6.00 7.00 8.00 8.00 8.00 8.00 8.00 9.00 9.00 10.00 10.00 10.00 10.00 10.75 11.50 11.50 11.50 12.25 13.00 13.00 13.25 14.00 14.00 14.00 15.00 15.00 15.75 15.75 16.50 16.50 16.50 16.75 17.50 18.00 18.00 18.50 18.75 18.75 18.75 19.75 20.25 20.25
0.00 0.00 0.00 0.00 0.00 0.00 0.00 0.00 0.00 0.00 0.00 0.00 0.00 0.00 0.00 0.00 0.00 0.00 0.00 0.00 0.00 0.00 0.00 0.00 0.00 0.00 0.00 0.00 0.00 0.00 0.00 0.00 0.00 0.00 0.00 0.00 0.00 0.00 0.00 0.00 0.00 0.00 0.00 1.00 1.00 2.00 2.00 2.00 2.00 3.00 3.00 3.00 3.00 4.00 4.00 4.00 4.00 5.00 6.00 7.00 7.00 7.00 7.00 7.00 8.00 8.00 9.00 9.00 10.00 10.00 10.00 10.75 10.75 10.75 11.50 12.25 12.25 12.50 12.50 13.00 13.00 13.25 14.00 15.00 15.00 15.75 15.75 15.75 15.75 16.75 16.75 17.00 17.75 17.75 18.00 18.75 18.75 19.50 19.50 19.50
0.00 0.00 0.00 0.00 0.00 0.00 0.00 0.00 0.00 0.00 0.00 0.00 0.00 0.00 0.00 0.00 0.00 0.00 0.00 0.00 0.00 0.00 0.00 0.00 0.00 0.00 0.00 0.00 0.00 0.00 0.00 0.00 0.00 0.00 0.00 0.00 0.00 0.00 0.00 0.00 0.00 0.00 0.00 1.00 1.00 1.00 1.00 1.00 2.00 2.00 2.00 3.00 3.00 3.00 4.00 4.00 4.00 5.00 6.00 6.00 6.00 6.00 6.00 6.00 7.00 8.00 8.00 9.00 10.00 10.00 10.00 10.75 10.75 10.75 11.50 11.50 11.75 11.75 12.00 12.00 13.00 13.00 13.00 14.00 15.00 15.00 15.75 15.75 15.75 16.75 16.75 16.75 17.00 17.75 18.00 18.75 18.75 19.50 19.50 19.50
0.00 0.00 0.00 0.00 0.00 0.00 0.00 0.00 0.00 0.00 0.00 0.00 0.00 0.00 0.00 0.00 0.00 0.00 0.00 0.00 0.00 0.00 0.00 0.00 0.00 0.00 0.00 0.00 0.00 0.00 0.00 0.00 0.00 0.00 0.00 0.00 0.00 0.00 0.00 0.00 0.00 0.00 0.00 0.00 0.00 0.00 0.00 1.00 1.00 1.00 2.00 3.00 3.00 3.00 3.00 3.00 4.00 5.00 5.00 5.00 5.00 6.00 6.00 6.00 7.00 7.00 8.00 8.00 9.00 10.00 10.00 10.00 10.00 10.75 10.75 11.00 11.00 11.00 11.50 12.00 12.25 12.25 13.00 13.00 14.00 15.00 15.00 15.00 15.00 16.00 16.00 16.00 17.00 17.00 18.00 18.00 18.75 18.75 18.75 19.00
0.00 0.00 0.00 0.00 0.00 0.00 0.00 0.00 0.00 0.00 0.00 0.00 0.00 0.00 0.00 0.00 0.00 0.00 0.00 0.00 0.00 0.00 0.00 0.00 0.00 0.00 0.00 0.00 0.00 0.00 0.00 0.00 0.00 0.00 0.00 0.00 0.00 0.00 0.00 0.00 0.00 0.00 0.00 0.00 0.00 0.00 0.00 1.00 1.00 1.00 2.00 2.00 2.00 2.00 3.00 3.00 4.00 5.00 5.00 5.00 5.00 5.00 6.00 6.00 7.00 7.00 8.00 8.00 9.00 9.00 9.00 10.00 10.00 10.00 10.00 10.00 10.75 11.00 11.50 11.50 12.25 12.25 12.25 13.00 14.00 15.00 15.00 15.00 15.00 16.00 16.00 16.00 16.00 17.00 17.50 18.00 18.00 18.50 18.50 18.50
0.00 0.00 0.00 0.00 0.00 0.00 0.00 0.00 0.00 0.00 0.00 0.00 0.00 0.00 0.00 0.00 0.00 0.00 0.00 0.00 0.00 0.00 0.00 0.00 0.00 0.00 0.00 0.00 0.00 0.00 0.00 0.00 0.00 0.00 0.00 0.00 0.00 0.00 0.00 0.00 0.00 0.00 0.00 0.00 0.00 0.00 0.00 0.00 0.00 1.00 1.00 1.00 2.00 2.00 2.00 3.00 4.00 4.00 4.00 4.00 4.00 4.00 5.00 6.00 6.00 7.00 7.00 8.00 9.00 9.00 9.00 9.00 9.00 9.00 9.00 10.00 10.00 10.75 10.75 11.50 11.50 11.50 12.00 12.75 13.00 14.00 14.00 14.00 14.00 15.00 15.00 15.00 16.00 16.75 17.50 17.75 17.75 17.75 17.75 18.50
0.00 0.00 0.00 0.00 0.00 0.00 0.00 0.00 0.00 0.00 0.00 0.00 0.00 0.00 0.00 0.00 0.00 0.00 0.00 0.00 0.00 0.00 0.00 0.00 0.00 0.00 0.00 0.00 0.00 0.00 0.00 0.00 0.00 0.00 0.00 0.00 0.00 0.00 0.00 0.00 0.00 0.00 0.00 0.00 0.00 0.00 0.00 0.00 0.00 1.00 1.00 1.00 1.00 2.00 2.00 3.00 3.00 3.00 3.00 4.00 4.00 4.00 5.00 6.00 6.00 7.00 7.00 8.00 9.00 9.00 9.00 9.00 9.00 9.00 9.00 10.00 10.00 10.75 10.75 11.00 11.00 11.00 12.00 12.75 12.75 13.00 14.00 14.00 14.00 15.00 15.00 15.00 16.00 16.75 17.00 17.75 17.75 17.75 17.75 18.00
0.00 0.00 0.00 0.00 0.00 0.00 0.00 0.00 0.00 0.00 0.00 0.00 0.00 0.00 0.00 0.00 0.00 0.00 0.00 0.00 0.00 0.00 0.00 0.00 0.00 0.00 0.00 0.00 0.00 0.00 0.00 0.00 0.00 0.00 0.00 0.00 0.00 0.00 0.00 0.00 0.00 0.00 0.00 0.00 0.00 0.00 0.00 0.00 0.00 1.00 1.00 1.00 1.00 2.00 2.00 3.00 3.00 3.00 3.00 4.00 4.00 4.00 5.00 5.00 6.00 7.00 7.00 8.00 9.00 9.00 9.00 9.00 9.00 9.00 9.00 10.00 10.00 10.75 10.75 11.00 11.00 11.00 12.00 12.00 12.00 13.00 14.00 14.00 14.00 15.00 15.00 15.00 16.00 16.00 17.00 17.00 17.00 17.00 17.25 18.00
0.00 0.00 0.00 0.00 0.00 0.00 0.00 0.00 0.00 0.00 0.00 0.00 0.00 0.00 0.00 0.00 0.00 0.00 0.00 0.00 0.00 0.00 0.00 0.00 0.00 0.00 0.00 0.00 0.00 0.00 0.00 0.00 0.00 0.00 0.00 0.00 0.00 0.00 0.00 0.00 0.00 0.00 0.00 0.00 0.00 0.00 0.00 0.00 0.00 0.00 1.00 1.00 1.00 1.00 2.00 3.00 3.00 3.00 3.00 3.00 4.00 4.00 4.00 5.00 6.00 6.00 7.00 8.00 8.00 8.00 8.00 8.00 9.00 9.00 9.00 9.00 10.00 10.00 10.75 10.75 11.00 11.00 11.00 11.00 12.00 13.00 14.00 14.00 14.00 14.00 15.00 15.00 15.00 16.00 16.00 16.00 16.50 17.00 17.25 17.25
0.00 0.00 0.00 0.00 0.00 0.00 0.00 0.00 0.00 0.00 0.00 0.00 0.00 0.00 0.00 0.00 0.00 0.00 0.00 0.00 0.00 0.00 0.00 0.00 0.00 0.00 0.00 0.00 0.00 0.00 0.00 0.00 0.00 0.00 0.00 0.00 0.00 0.00 0.00 0.00 0.00 0.00 0.00 0.00 0.00 0.00 0.00 0.00 0.00 0.00 1.00 1.00 1.00 1.00 2.00 2.00 2.00 2.00 3.00 3.00 4.00 4.00 4.00 5.00 6.00 6.00 7.00 7.00 7.00 7.00 7.00 8.00 8.00 8.00 8.00 9.00 9.00 10.00 10.00 10.00 10.00 10.75 11.00 11.00 12.00 12.25 13.00 13.00 13.25 14.00 14.00 14.00 15.00 15.25 15.25 16.00 16.00 16.50 16.50 16.50
0.00 0.00 0.00 0.00 0.00 0.00 0.00 0.00 0.00 0.00 0.00 0.00 0.00 0.00 0.00 0.00 0.00 0.00 0.00 0.00 0.00 0.00 0.00 0.00 0.00 0.00 0.00 0.00 0.00 0.00 0.00 0.00 0.00 0.00 0.00 0.00 0.00 0.00 0.00 0.00 0.00 0.00 0.00 0.00 0.00 0.00 0.00 0.00 0.00 0.00 0.00 0.00 0.00 1.00 1.00 1.00 1.00 2.00 2.00 3.00 3.00 3.00 4.00 5.00 5.00 6.00 6.00 6.00 7.00 7.00 7.00 7.00 7.00 7.00 7.00 8.00 8.00 9.00 9.00 9.00 10.00 10.00 10.00 11.00 11.50 12.25 12.25 12.50 12.50 13.25 13.25 13.75 14.50 15.25 15.25 15.75 15.75 15.75 15.75 16.25
0.00 0.00 0.00 0.00 0.00 0.00 0.00 0.00 0.00 0.00 0.00 0.00 0.00 0.00 0.00 0.00 0.00 0.00 0.00 0.00 0.00 0.00 0.00 0.00 0.00 0.00 0.00 0.00 0.00 0.00 0.00 0.00 0.00 0.00 0.00 0.00 0.00 0.00 0.00 0.00 0.00 0.00 0.00 0.00 0.00 0.00 0.00 0.00 0.00 0.00 0.00 0.00 0.00 1.00 1.00 1.00 1.00 2.00 2.00 3.00 3.00 3.00 4.00 5.00 5.00 6.00 6.00 6.00 7.00 7.00 7.00 7.00 7.00 7.00 7.00 8.00 8.00 9.00 9.00 9.00 10.00 10.00 10.00 11.00 11.50 12.25 12.25 12.50 12.50 13.25 13.25 13.75 14.50 15.00 15.00 15.00 15.25 15.50 15.75 16.00
0.00 0.00 0.00 0.00 0.00 0.00 0.00 0.00 0.00 0.00 0.00 0.00 0.00 0.00 0.00 0.00 0.00 0.00 0.00 0.00 0.00 0.00 0.00 0.00 0.00 0.00 0.00 0.00 0.00 0.00 0.00 0.00 0.00 0.00 0.00 0.00 0.00 0.00 0.00 0.00 0.00 0.00 0.00 0.00 0.00 0.00 0.00 0.00 0.00 0.00 0.00 0.00 0.00 0.00 1.00 1.00 1.00 2.00 2.00 2.00 3.00 3.00 4.00 4.00 5.00 5.00 6.00 6.00 6.00 6.00 6.00 6.00 7.00 7.00 7.00 8.00 8.00 9.00 9.00 9.00 10.00 10.00 10.00 10.75 11.50 12.00 12.00 12.50 12.50 13.00 13.25 13.75 14.00 14.00 14.00 15.00 15.00 15.50 15.75 15.75
0.00 0.00 0.00 0.00 0.00 0.00 0.00 0.00 0.00 0.00 0.00 0.00 0.00 0.00 0.00 0.00 0.00 0.00 0.00 0.00 0.00 0.00 0.00 0.00 0.00 0.00 0.00 0.00 0.00 0.00 0.00 0.00 0.00 0.00 0.00 0.00 0.00 0.00 0.00 0.00 0.00 0.00 0.00 0.00 0.00 0.00 0.00 0.00 0.00 0.00 0.00 0.00 0.00 0.00 0.00 0.00 1.00 1.00 1.00 2.00 2.00 3.00 4.00 4.00 4.00 5.00 5.00 5.00 5.00 5.00 5.00 6.00 6.00 6.00 6.00 7.00 8.00 8.00 9.00 9.00 9.00 9.00 10.00 10.75 10.75 11.00 11.75 11.75 12.00 12.50 13.00 13.00 13.75 14.00 14.00 14.50 14.50 14.75 15.00 15.00
0.00 0.00 0.00 0.00 0.00 0.00 0.00 0.00 0.00 0.00 0.00 0.00 0.00 0.00 0.00 0.00 0.00 0.00 0.00 0.00 0.00 0.00 0.00 0.00 0.00 0.00 0.00 0.00 0.00 0.00 0.00 0.00 0.00 0.00 0.00 0.00 0.00 0.00 0.00 0.00 0.00 0.00 0.00 0.00 0.00 0.00 0.00 0.00 0.00 0.00 0.00 0.00 0.00 0.00 0.00 0.00 1.00 1.00 1.00 1.00 2.00 3.00 3.00 3.00 4.00 4.00 4.00 4.00 4.00 5.00 5.00 5.00 6.00 6.00 6.00 6.00 7.00 7.00 8.00 9.00 9.00 9.00 10.00 10.00 10.00 11.00 11.75 11.75 11.75 11.75 12.00 13.00 13.00 13.75 13.75 13.75 14.00 14.25 15.00 15.00
0.00 0.00 0.00 0.00 0.00 0.00 0.00 0.00 0.00 0.00 0.00 0.00 0.00 0.00 0.00 0.00 0.00 0.00 0.00 0.00 0.00 0.00 0.00 0.00 0.00 0.00 0.00 0.00 0.00 0.00 0.00 0.00 0.00 0.00 0.00 0.00 0.00 0.00 0.00 0.00 0.00 0.00 0.00 0.00 0.00 0.00 0.00 0.00 0.00 0.00 0.00 0.00 0.00 0.00 0.00 0.00 0.00 1.00 1.00 1.00 2.00 3.00 3.00 3.00 4.00 4.00 4.00 4.00 4.00 5.00 5.00 5.00 6.00 6.00 6.00 6.00 7.00 7.00 8.00 8.00 9.00 9.00 9.00 9.00 10.00 11.00 11.00 11.00 11.00 11.00 12.00 13.00 13.00 13.00 13.00 13.00 14.00 14.25 15.00 15.00
0.00 0.00 0.00 0.00 0.00 0.00 0.00 0.00 0.00 0.00 0.00 0.00 0.00 0.00 0.00 0.00 0.00 0.00 0.00 0.00 0.00 0.00 0.00 0.00 0.00 0.00 0.00 0.00 0.00 0.00 0.00 0.00 0.00 0.00 0.00 0.00 0.00 0.00 0.00 0.00 0.00 0.00 0.00 0.00 0.00 0.00 0.00 0.00 0.00 0.00 0.00 0.00 0.00 0.00 0.00 0.00 0.00 1.00 1.00 1.00 2.00 2.00 2.00 3.00 4.00 4.00 4.00 4.00 4.00 4.00 4.00 5.00 5.00 5.00 6.00 6.00 7.00 7.00 8.00 8.00 8.00 8.00 9.00 9.00 10.00 11.00 11.00 11.00 11.00 11.00 12.00 12.00 12.00 13.00 13.00 13.00 14.00 14.25 14.25 14.25
0.00 0.00 0.00 0.00 0.00 0.00 0.00 0.00 0.00 0.00 0.00 0.00 0.00 0.00 0.00 0.00 0.00 0.00 0.00 0.00 0.00 0.00 0.00 0.00 0.00 0.00 0.00 0.00 0.00 0.00 0.00 0.00 0.00 0.00 0.00 0.00 0.00 0.00 0.00 0.00 0.00 0.00 0.00 0.00 0.00 0.00 0.00 0.00 0.00 0.00 0.00 0.00 0.00 0.00 0.00 0.00 0.00 0.00 0.00 1.00 1.00 1.00 2.00 3.00 3.00 3.00 3.00 3.00 4.00 4.00 4.00 4.00 4.00 4.00 5.00 6.00 6.00 7.00 7.00 7.00 7.00 7.00 8.00 9.00 9.00 10.00 10.00 10.00 10.00 11.00 11.00 11.00 12.00 12.50 12.50 13.00 13.50 13.50 13.50 13.50
0.00 0.00 0.00 0.00 0.00 0.00 0.00 0.00 0.00 0.00 0.00 0.00 0.00 0.00 0.00 0.00 0.00 0.00 0.00 0.00 0.00 0.00 0.00 0.00 0.00 0.00 0.00 0.00 0.00 0.00 0.00 0.00 0.00 0.00 0.00 0.00 0.00 0.00 0.00 0.00 0.00 0.00 0.00 0.00 0.00 0.00 0.00 0.00 0.00 0.00 0.00 0.00 0.00 0.00 0.00 0.00 0.00 0.00 0.00 1.00 1.00 1.00 2.00 2.00 2.00 3.00 3.00 3.00 3.00 4.00 4.00 4.00 4.00 4.00 4.00 5.00 6.00 6.00 7.00 7.00 7.00 7.00 8.00 9.00 9.00 10.00 10.00 10.00 10.00 10.75 11.00 11.00 11.75 12.00 12.00 12.75 13.50 13.50 13.50 13.50
0.00 0.00 0.00 0.00 0.00 0.00 0.00 0.00 0.00 0.00 0.00 0.00 0.00 0.00 0.00 0.00 0.00 0.00 0.00 0.00 0.00 0.00 0.00 0.00 0.00 0.00 0.00 0.00 0.00 0.00 0.00 0.00 0.00 0.00 0.00 0.00 0.00 0.00 0.00 0.00 0.00 0.00 0.00 0.00 0.00 0.00 0.00 0.00 0.00 0.00 0.00 0.00 0.00 0.00 0.00 0.00 0.00 0.00 0.00 0.00 0.00 1.00 1.00 2.00 2.00 2.00 2.00 2.00 3.00 4.00 4.00 4.00 4.00 4.00 4.00 5.00 5.00 6.00 6.00 6.00 7.00 7.00 7.00 8.00 9.00 10.00 10.00 10.00 10.00 10.75 10.75 11.00 11.00 12.00 12.00 12.75 13.50 13.50 13.50 13.50
0.00 0.00 0.00 0.00 0.00 0.00 0.00 0.00 0.00 0.00 0.00 0.00 0.00 0.00 0.00 0.00 0.00 0.00 0.00 0.00 0.00 0.00 0.00 0.00 0.00 0.00 0.00 0.00 0.00 0.00 0.00 0.00 0.00 0.00 0.00 0.00 0.00 0.00 0.00 0.00 0.00 0.00 0.00 0.00 0.00 0.00 0.00 0.00 0.00 0.00 0.00 0.00 0.00 0.00 0.00 0.00 0.00 0.00 0.00 0.00 0.00 0.00 1.00 2.00 2.00 2.00 2.00 2.00 3.00 3.00 3.00 3.00 3.00 3.00 4.00 5.00 5.00 6.00 6.00 6.00 7.00 7.00 7.00 8.00 9.00 10.00 10.00 10.00 10.00 10.75 10.75 10.75 11.00 12.00 12.00 12.75 13.00 13.00 13.00 13.00
0.00 0.00 0.00 0.00 0.00 0.00 0.00 0.00 0.00 0.00 0.00 0.00 0.00 0.00 0.00 0.00 0.00 0.00 0.00 0.00 0.00 0.00 0.00 0.00 0.00 0.00 0.00 0.00 0.00 0.00 0.00 0.00 0.00 0.00 0.00 0.00 0.00 0.00 0.00 0.00 0.00 0.00 0.00 0.00 0.00 0.00 0.00 0.00 0.00 0.00 0.00 0.00 0.00 0.00 0.00 0.00 0.00 0.00 0.00 0.00 0.00 0.00 1.00 1.00 1.00 2.00 2.00 2.00 3.00 3.00 3.00 3.00 3.00 3.00 4.00 5.00 5.00 6.00 6.00 6.00 7.00 7.00 7.00 8.00 9.00 10.00 10.00 10.00 10.00 10.00 10.00 10.00 11.00 12.00 12.00 12.00 13.00 13.00 13.00 13.00
0.00 0.00 0.00 0.00 0.00 0.00 0.00 0.00 0.00 0.00 0.00 0.00 0.00 0.00 0.00 0.00 0.00 0.00 0.00 0.00 0.00 0.00 0.00 0.00 0.00 0.00 0.00 0.00 0.00 0.00 0.00 0.00 0.00 0.00 0.00 0.00 0.00 0.00 0.00 0.00 0.00 0.00 0.00 0.00 0.00 0.00 0.00 0.00 0.00 0.00 0.00 0.00 0.00 0.00 0.00 0.00 0.00 0.00 0.00 0.00 0.00 0.00 0.00 0.00 1.00 1.00 2.00 2.00 2.00 2.00 2.00 3.00 3.00 3.00 4.00 4.00 5.00 5.00 6.00 6.00 7.00 7.00 7.00 8.00 9.00 9.00 9.00 9.00 9.00 9.00 10.00 10.00 10.75 11.00 11.00 11.50 12.00 13.00 13.00 13.00
0.00 0.00 0.00 0.00 0.00 0.00 0.00 0.00 0.00 0.00 0.00 0.00 0.00 0.00 0.00 0.00 0.00 0.00 0.00 0.00 0.00 0.00 0.00 0.00 0.00 0.00 0.00 0.00 0.00 0.00 0.00 0.00 0.00 0.00 0.00 0.00 0.00 0.00 0.00 0.00 0.00 0.00 0.00 0.00 0.00 0.00 0.00 0.00 0.00 0.00 0.00 0.00 0.00 0.00 0.00 0.00 0.00 0.00 0.00 0.00 0.00 0.00 0.00 0.00 0.00 1.00 1.00 1.00 2.00 2.00 2.00 2.00 3.00 3.00 3.00 4.00 4.00 5.00 5.00 6.00 6.00 6.00 7.00 8.00 8.00 8.00 8.00 8.00 8.00 9.00 9.00 10.00 10.75 10.75 10.75 11.50 11.50 12.00 12.00 12.00
0.00 0.00 0.00 0.00 0.00 0.00 0.00 0.00 0.00 0.00 0.00 0.00 0.00 0.00 0.00 0.00 0.00 0.00 0.00 0.00 0.00 0.00 0.00 0.00 0.00 0.00 0.00 0.00 0.00 0.00 0.00 0.00 0.00 0.00 0.00 0.00 0.00 0.00 0.00 0.00 0.00 0.00 0.00 0.00 0.00 0.00 0.00 0.00 0.00 0.00 0.00 0.00 0.00 0.00 0.00 0.00 0.00 0.00 0.00 0.00 0.00 0.00 0.00 0.00 0.00 0.00 1.00 1.00 1.00 1.00 1.00 2.00 3.00 3.00 3.00 3.00 4.00 4.00 5.00 6.00 6.00 6.00 7.00 7.00 7.00 7.00 8.00 8.00 8.00 8.00 9.00 10.00 10.00 10.00 10.75 10.75 10.75 11.00 12.00 12.00
0.00 0.00 0.00 0.00 0.00 0.00 0.00 0.00 0.00 0.00 0.00 0.00 0.00 0.00 0.00 0.00 0.00 0.00 0.00 0.00 0.00 0.00 0.00 0.00 0.00 0.00 0.00 0.00 0.00 0.00 0.00 0.00 0.00 0.00 0.00 0.00 0.00 0.00 0.00 0.00 0.00 0.00 0.00 0.00 0.00 0.00 0.00 0.00 0.00 0.00 0.00 0.00 0.00 0.00 0.00 0.00 0.00 0.00 0.00 0.00 0.00 0.00 0.00 0.00 0.00 0.00 1.00 1.00 1.00 1.00 1.00 2.00 3.00 3.00 3.00 3.00 4.00 4.00 5.00 5.00 6.00 6.00 6.00 6.00 6.00 7.00 8.00 8.00 8.00 8.00 9.00 10.00 10.00 10.00 10.00 10.00 10.00 11.00 12.00 12.00
0.00 0.00 0.00 0.00 0.00 0.00 0.00 0.00 0.00 0.00 0.00 0.00 0.00 0.00 0.00 0.00 0.00 0.00 0.00 0.00 0.00 0.00 0.00 0.00 0.00 0.00 0.00 0.00 0.00 0.00 0.00 0.00 0.00 0.00 0.00 0.00 0.00 0.00 0.00 0.00 0.00 0.00 0.00 0.00 0.00 0.00 0.00 0.00 0.00 0.00 0.00 0.00 0.00 0.00 0.00 0.00 0.00 0.00 0.00 0.00 0.00 0.00 0.00 0.00 0.00 0.00 0.00 1.00 1.00 1.00 1.00 2.00 2.00 2.00 2.00 3.00 4.00 4.00 5.00 5.00 5.00 5.00 5.00 5.00 6.00 6.00 7.00 7.00 8.00 8.00 9.00 9.00 9.00 9.00 9.00 10.00 10.00 10.75 11.00 11.00
0.00 0.00 0.00 0.00 0.00 0.00 0.00 0.00 0.00 0.00 0.00 0.00 0.00 0.00 0.00 0.00 0.00 0.00 0.00 0.00 0.00 0.00 0.00 0.00 0.00 0.00 0.00 0.00 0.00 0.00 0.00 0.00 0.00 0.00 0.00 0.00 0.00 0.00 0.00 0.00 0.00 0.00 0.00 0.00 0.00 0.00 0.00 0.00 0.00 0.00 0.00 0.00 0.00 0.00 0.00 0.00 0.00 0.00 0.00 0.00 0.00 0.00 0.00 0.00 0.00 0.00 0.00 0.00 1.00 1.00 1.00 1.00 1.00 1.00 2.00 3.00 3.00 4.00 4.00 4.00 4.00 4.00 4.00 5.00 5.00 6.00 6.00 7.00 7.00 8.00 8.00 8.00 9.00 9.00 9.00 10.00 10.00 10.00 10.00 10.00
0.00 0.00 0.00 0.00 0.00 0.00 0.00 0.00 0.00 0.00 0.00 0.00 0.00 0.00 0.00 0.00 0.00 0.00 0.00 0.00 0.00 0.00 0.00 0.00 0.00 0.00 0.00 0.00 0.00 0.00 0.00 0.00 0.00 0.00 0.00 0.00 0.00 0.00 0.00 0.00 0.00 0.00 0.00 0.00 0.00 0.00 0.00 0.00 0.00 0.00 0.00 0.00 0.00 0.00 0.00 0.00 0.00 0.00 0.00 0.00 0.00 0.00 0.00 0.00 0.00 0.00 0.00 0.00 0.00 0.00 0.00 1.00 1.00 1.00 2.00 2.00 3.00 3.00 4.00 4.00 4.00 4.00 4.00 4.00 5.00 5.00 6.00 7.00 7.00 7.00 8.00 8.00 8.00 9.00 9.00 9.00 9.00 9.75 10.00 10.00
0.00 0.00 0.00 0.00 0.00 0.00 0.00 0.00 0.00 0.00 0.00 0.00 0.00 0.00 0.00 0.00 0.00 0.00 0.00 0.00 0.00 0.00 0.00 0.00 0.00 0.00 0.00 0.00 0.00 0.00 0.00 0.00 0.00 0.00 0.00 0.00 0.00 0.00 0.00 0.00 0.00 0.00 0.00 0.00 0.00 0.00 0.00 0.00 0.00 0.00 0.00 0.00 0.00 0.00 0.00 0.00 0.00 0.00 0.00 0.00 0.00 0.00 0.00 0.00 0.00 0.00 0.00 0.00 0.00 0.00 0.00 0.00 1.00 1.00 1.00 2.00 2.00 3.00 3.00 3.00 3.00 3.00 3.00 4.00 4.00 5.00 6.00 6.00 6.00 7.00 7.00 7.00 8.00 9.00 9.00 9.00 9.00 9.00 9.00 10.00
0.00 0.00 0.00 0.00 0.00 0.00 0.00 0.00 0.00 0.00 0.00 0.00 0.00 0.00 0.00 0.00 0.00 0.00 0.00 0.00 0.00 0.00 0.00 0.00 0.00 0.00 0.00 0.00 0.00 0.00 0.00 0.00 0.00 0.00 0.00 0.00 0.00 0.00 0.00 0.00 0.00 0.00 0.00 0.00 0.00 0.00 0.00 0.00 0.00 0.00 0.00 0.00 0.00 0.00 0.00 0.00 0.00 0.00 0.00 0.00 0.00 0.00 0.00 0.00 0.00 0.00 0.00 0.00 0.00 0.00 0.00 0.00 1.00 1.00 1.00 2.00 2.00 3.00 3.00 3.00 3.00 3.00 3.00 4.00 4.00 5.00 6.00 6.00 6.00 7.00 7.00 7.00 8.00 8.00 8.00 9.00 9.00 9.00 9.00 9.00
0.00 0.00 0.00 0.00 0.00 0.00 0.00 0.00 0.00 0.00 0.00 0.00 0.00 0.00 0.00 0.00 0.00 0.00 0.00 0.00 0.00 0.00 0.00 0.00 0.00 0.00 0.00 0.00 0.00 0.00 0.00 0.00 0.00 0.00 0.00 0.00 0.00 0.00 0.00 0.00 0.00 0.00 0.00 0.00 0.00 0.00 0.00 0.00 0.00 0.00 0.00 0.00 0.00 0.00 0.00 0.00 0.00 0.00 0.00 0.00 0.00 0.00 0.00 0.00 0.00 0.00 0.00 0.00 0.00 0.00 0.00 0.00 1.00 1.00 1.00 1.00 2.00 2.00 2.00 2.00 3.00 3.00 3.00 3.00 4.00 5.00 6.00 6.00 6.00 6.00 7.00 7.00 7.00 8.00 8.00 8.00 8.00 9.00 9.00 9.00
0.00 0.00 0.00 0.00 0.00 0.00 0.00 0.00 0.00 0.00 0.00 0.00 0.00 0.00 0.00 0.00 0.00 0.00 0.00 0.00 0.00 0.00 0.00 0.00 0.00 0.00 0.00 0.00 0.00 0.00 0.00 0.00 0.00 0.00 0.00 0.00 0.00 0.00 0.00 0.00 0.00 0.00 0.00 0.00 0.00 0.00 0.00 0.00 0.00 0.00 0.00 0.00 0.00 0.00 0.00 0.00 0.00 0.00 0.00 0.00 0.00 0.00 0.00 0.00 0.00 0.00 0.00 0.00 0.00 0.00 0.00 0.00 0.00 0.00 0.00 1.00 1.00 1.00 1.00 2.00 2.00 2.00 3.00 3.00 3.00 4.00 5.00 5.00 5.00 6.00 6.00 6.00 7.00 7.00 8.00 8.00 8.00 8.00 8.00 9.00
0.00 0.00 0.00 0.00 0.00 0.00 0.00 0.00 0.00 0.00 0.00 0.00 0.00 0.00 0.00 0.00 0.00 0.00 0.00 0.00 0.00 0.00 0.00 0.00 0.00 0.00 0.00 0.00 0.00 0.00 0.00 0.00 0.00 0.00 0.00 0.00 0.00 0.00 0.00 0.00 0.00 0.00 0.00 0.00 0.00 0.00 0.00 0.00 0.00 0.00 0.00 0.00 0.00 0.00 0.00 0.00 0.00 0.00 0.00 0.00 0.00 0.00 0.00 0.00 0.00 0.00 0.00 0.00 0.00 0.00 0.00 0.00 0.00 0.00 0.00 1.00 1.00 1.00 1.00 2.00 2.00 2.00 3.00 3.00 3.00 4.00 5.00 5.00 5.00 6.00 6.00 6.00 7.00 7.00 8.00 8.00 8.00 8.00 8.00 9.00
0.00 0.00 0.00 0.00 0.00 0.00 0.00 0.00 0.00 0.00 0.00 0.00 0.00 0.00 0.00 0.00 0.00 0.00 0.00 0.00 0.00 0.00 0.00 0.00 0.00 0.00 0.00 0.00 0.00 0.00 0.00 0.00 0.00 0.00 0.00 0.00 0.00 0.00 0.00 0.00 0.00 0.00 0.00 0.00 0.00 0.00 0.00 0.00 0.00 0.00 0.00 0.00 0.00 0.00 0.00 0.00 0.00 0.00 0.00 0.00 0.00 0.00 0.00 0.00 0.00 0.00 0.00 0.00 0.00 0.00 0.00 0.00 0.00 0.00 0.00 1.00 1.00 1.00 1.00 1.00 1.00 2.00 2.00 3.00 3.00 4.00 5.00 5.00 5.00 6.00 6.00 6.00 7.00 7.00 7.00 8.00 8.00 8.00 8.00 8.00
0.00 0.00 0.00 0.00 0.00 0.00 0.00 0.00 0.00 0.00 0.00 0.00 0.00 0.00 0.00 0.00 0.00 0.00 0.00 0.00 0.00 0.00 0.00 0.00 0.00 0.00 0.00 0.00 0.00 0.00 0.00 0.00 0.00 0.00 0.00 0.00 0.00 0.00 0.00 0.00 0.00 0.00 0.00 0.00 0.00 0.00 0.00 0.00 0.00 0.00 0.00 0.00 0.00 0.00 0.00 0.00 0.00 0.00 0.00 0.00 0.00 0.00 0.00 0.00 0.00 0.00 0.00 0.00 0.00 0.00 0.00 0.00 0.00 0.00 0.00 0.00 0.00 1.00 1.00 1.00 1.00 1.00 2.00 3.00 3.00 4.00 5.00 5.00 5.00 6.00 6.00 6.00 6.00 7.00 7.00 8.00 8.00 8.00 8.00 8.00
0.00 0.00 0.00 0.00 0.00 0.00 0.00 0.00 0.00 0.00 0.00 0.00 0.00 0.00 0.00 0.00 0.00 0.00 0.00 0.00 0.00 0.00 0.00 0.00 0.00 0.00 0.00 0.00 0.00 0.00 0.00 0.00 0.00 0.00 0.00 0.00 0.00 0.00 0.00 0.00 0.00 0.00 0.00 0.00 0.00 0.00 0.00 0.00 0.00 0.00 0.00 0.00 0.00 0.00 0.00 0.00 0.00 0.00 0.00 0.00 0.00 0.00 0.00 0.00 0.00 0.00 0.00 0.00 0.00 0.00 0.00 0.00 0.00 0.00 0.00 0.00 0.00 0.00 0.00 1.00 1.00 1.00 2.00 2.00 3.00 4.00 5.00 5.00 5.00 5.00 5.00 5.00 6.00 7.00 7.00 7.00 7.00 7.00 7.00 8.00
0.00 0.00 0.00 0.00 0.00 0.00 0.00 0.00 0.00 0.00 0.00 0.00 0.00 0.00 0.00 0.00 0.00 0.00 0.00 0.00 0.00 0.00 0.00 0.00 0.00 0.00 0.00 0.00 0.00 0.00 0.00 0.00 0.00 0.00 0.00 0.00 0.00 0.00 0.00 0.00 0.00 0.00 0.00 0.00 0.00 0.00 0.00 0.00 0.00 0.00 0.00 0.00 0.00 0.00 0.00 0.00 0.00 0.00 0.00 0.00 0.00 0.00 0.00 0.00 0.00 0.00 0.00 0.00 0.00 0.00 0.00 0.00 0.00 0.00 0.00 0.00 0.00 0.00 0.00 0.00 1.00 1.00 1.00 2.00 3.00 4.00 4.00 4.00 4.00 5.00 5.00 5.00 5.00 6.00 6.00 6.00 7.00 7.00 7.00 7.00
0.00 0.00 0.00 0.00 0.00 0.00 0.00 0.00 0.00 0.00 0.00 0.00 0.00 0.00 0.00 0.00 0.00 0.00 0.00 0.00 0.00 0.00 0.00 0.00 0.00 0.00 0.00 0.00 0.00 0.00 0.00 0.00 0.00 0.00 0.00 0.00 0.00 0.00 0.00 0.00 0.00 0.00 0.00 0.00 0.00 0.00 0.00 0.00 0.00 0.00 0.00 0.00 0.00 0.00 0.00 0.00 0.00 0.00 0.00 0.00 0.00 0.00 0.00 0.00 0.00 0.00 0.00 0.00 0.00 0.00 0.00 0.00 0.00 0.00 0.00 0.00 0.00 0.00 0.00 0.00 1.00 1.00 1.00 2.00 3.00 3.00 3.00 4.00 4.00 4.00 4.00 4.00 5.00 5.00 5.00 5.00 6.00 7.00 7.00 7.00
0.00 0.00 0.00 0.00 0.00 0.00 0.00 0.00 0.00 0.00 0.00 0.00 0.00 0.00 0.00 0.00 0.00 0.00 0.00 0.00 0.00 0.00 0.00 0.00 0.00 0.00 0.00 0.00 0.00 0.00 0.00 0.00 0.00 0.00 0.00 0.00 0.00 0.00 0.00 0.00 0.00 0.00 0.00 0.00 0.00 0.00 0.00 0.00 0.00 0.00 0.00 0.00 0.00 0.00 0.00 0.00 0.00 0.00 0.00 0.00 0.00 0.00 0.00 0.00 0.00 0.00 0.00 0.00 0.00 0.00 0.00 0.00 0.00 0.00 0.00 0.00 0.00 0.00 0.00 0.00 0.00 1.00 1.00 2.00 2.00 3.00 3.00 3.00 3.00 3.00 3.00 3.00 4.00 5.00 5.00 5.00 6.00 6.00 6.00 6.00
0.00 0.00 0.00 0.00 0.00 0.00 0.00 0.00 0.00 0.00 0.00 0.00 0.00 0.00 0.00 0.00 0.00 0.00 0.00 0.00 0.00 0.00 0.00 0.00 0.00 0.00 0.00 0.00 0.00 0.00 0.00 0.00 0.00 0.00 0.00 0.00 0.00 0.00 0.00 0.00 0.00 0.00 0.00 0.00 0.00 0.00 0.00 0.00 0.00 0.00 0.00 0.00 0.00 0.00 0.00 0.00 0.00 0.00 0.00 0.00 0.00 0.00 0.00 0.00 0.00 0.00 0.00 0.00 0.00 0.00 0.00 0.00 0.00 0.00 0.00 0.00 0.00 0.00 0.00 0.00 0.00 1.00 1.00 1.00 2.00 2.00 2.00 2.00 2.00 2.00 3.00 3.00 3.00 4.00 4.00 5.00 5.00 6.00 6.00 6.00
0.00 0.00 0.00 0.00 0.00 0.00 0.00 0.00 0.00 0.00 0.00 0.00 0.00 0.00 0.00 0.00 0.00 0.00 0.00 0.00 0.00 0.00 0.00 0.00 0.00 0.00 0.00 0.00 0.00 0.00 0.00 0.00 0.00 0.00 0.00 0.00 0.00 0.00 0.00 0.00 0.00 0.00 0.00 0.00 0.00 0.00 0.00 0.00 0.00 0.00 0.00 0.00 0.00 0.00 0.00 0.00 0.00 0.00 0.00 0.00 0.00 0.00 0.00 0.00 0.00 0.00 0.00 0.00 0.00 0.00 0.00 0.00 0.00 0.00 0.00 0.00 0.00 0.00 0.00 0.00 0.00 0.00 0.00 1.00 1.00 1.00 1.00 1.00 1.00 2.00 2.00 2.00 3.00 4.00 4.00 5.00 5.00 5.00 5.00 5.00
0.00 0.00 0.00 0.00 0.00 0.00 0.00 0.00 0.00 0.00 0.00 0.00 0.00 0.00 0.00 0.00 0.00 0.00 0.00 0.00 0.00 0.00 0.00 0.00 0.00 0.00 0.00 0.00 0.00 0.00 0.00 0.00 0.00 0.00 0.00 0.00 0.00 0.00 0.00 0.00 0.00 0.00 0.00 0.00 0.00 0.00 0.00 0.00 0.00 0.00 0.00 0.00 0.00 0.00 0.00 0.00 0.00 0.00 0.00 0.00 0.00 0.00 0.00 0.00 0.00 0.00 0.00 0.00 0.00 0.00 0.00 0.00 0.00 0.00 0.00 0.00 0.00 0.00 0.00 0.00 0.00 0.00 0.00 0.00 0.00 1.00 1.00 1.00 1.00 2.00 2.00 2.00 3.00 4.00 4.00 4.00 5.00 5.00 5.00 5.00
0.00 0.00 0.00 0.00 0.00 0.00 0.00 0.00 0.00 0.00 0.00 0.00 0.00 0.00 0.00 0.00 0.00 0.00 0.00 0.00 0.00 0.00 0.00 0.00 0.00 0.00 0.00 0.00 0.00 0.00 0.00 0.00 0.00 0.00 0.00 0.00 0.00 0.00 0.00 0.00 0.00 0.00 0.00 0.00 0.00 0.00 0.00 0.00 0.00 0.00 0.00 0.00 0.00 0.00 0.00 0.00 0.00 0.00 0.00 0.00 0.00 0.00 0.00 0.00 0.00 0.00 0.00 0.00 0.00 0.00 0.00 0.00 0.00 0.00 0.00 0.00 0.00 0.00 0.00 0.00 0.00 0.00 0.00 0.00 0.00 1.00 1.00 1.00 1.00 2.00 2.00 2.00 3.00 4.00 4.00 4.00 4.00 4.00 5.00 5.00
0.00 0.00 0.00 0.00 0.00 0.00 0.00 0.00 0.00 0.00 0.00 0.00 0.00 0.00 0.00 0.00 0.00 0.00 0.00 0.00 0.00 0.00 0.00 0.00 0.00 0.00 0.00 0.00 0.00 0.00 0.00 0.00 0.00 0.00 0.00 0.00 0.00 0.00 0.00 0.00 0.00 0.00 0.00 0.00 0.00 0.00 0.00 0.00 0.00 0.00 0.00 0.00 0.00 0.00 0.00 0.00 0.00 0.00 0.00 0.00 0.00 0.00 0.00 0.00 0.00 0.00 0.00 0.00 0.00 0.00 0.00 0.00 0.00 0.00 0.00 0.00 0.00 0.00 0.00 0.00 0.00 0.00 0.00 0.00 0.00 1.00 1.00 1.00 1.00 2.00 2.00 2.00 3.00 3.00 3.00 3.00 4.00 4.00 5.00 5.00
0.00 0.00 0.00 0.00 0.00 0.00 0.00 0.00 0.00 0.00 0.00 0.00 0.00 0.00 0.00 0.00 0.00 0.00 0.00 0.00 0.00 0.00 0.00 0.00 0.00 0.00 0.00 0.00 0.00 0.00 0.00 0.00 0.00 0.00 0.00 0.00 0.00 0.00 0.00 0.00 0.00 0.00 0.00 0.00 0.00 0.00 0.00 0.00 0.00 0.00 0.00 0.00 0.00 0.00 0.00 0.00 0.00 0.00 0.00 0.00 0.00 0.00 0.00 0.00 0.00 0.00 0.00 0.00 0.00 0.00 0.00 0.00 0.00 0.00 0.00 0.00 0.00 0.00 0.00 0.00 0.00 0.00 0.00 0.00 0.00 0.00 0.00 1.00 1.00 1.00 2.00 2.00 2.00 2.00 2.00 3.00 4.00 4.00 5.00 5.00
0.00 0.00 0.00 0.00 0.00 0.00 0.00 0.00 0.00 0.00 0.00 0.00 0.00 0.00 0.00 0.00 0.00 0.00 0.00 0.00 0.00 0.00 0.00 0.00 0.00 0.00 0.00 0.00 0.00 0.00 0.00 0.00 0.00 0.00 0.00 0.00 0.00 0.00 0.00 0.00 0.00 0.00 0.00 0.00 0.00 0.00 0.00 0.00 0.00 0.00 0.00 0.00 0.00 0.00 0.00 0.00 0.00 0.00 0.00 0.00 0.00 0.00 0.00 0.00 0.00 0.00 0.00 0.00 0.00 0.00 0.00 0.00 0.00 0.00 0.00 0.00 0.00 0.00 0.00 0.00 0.00 0.00 0.00 0.00 0.00 0.00 0.00 1.00 1.00 1.00 2.00 2.00 2.00 2.00 2.00 3.00 3.00 4.00 5.00 5.00
0.00 0.00 0.00 0.00 0.00 0.00 0.00 0.00 0.00 0.00 0.00 0.00 0.00 0.00 0.00 0.00 0.00 0.00 0.00 0.00 0.00 0.00 0.00 0.00 0.00 0.00 0.00 0.00 0.00 0.00 0.00 0.00 0.00 0.00 0.00 0.00 0.00 0.00 0.00 0.00 0.00 0.00 0.00 0.00 0.00 0.00 0.00 0.00 0.00 0.00 0.00 0.00 0.00 0.00 0.00 0.00 0.00 0.00 0.00 0.00 0.00 0.00 0.00 0.00 0.00 0.00 0.00 0.00 0.00 0.00 0.00 0.00 0.00 0.00 0.00 0.00 0.00 0.00 0.00 0.00 0.00 0.00 0.00 0.00 0.00 0.00 0.00 0.00 0.00 1.00 1.00 1.00 2.00 2.00 2.00 3.00 3.00 4.00 4.00 4.00
0.00 0.00 0.00 0.00 0.00 0.00 0.00 0.00 0.00 0.00 0.00 0.00 0.00 0.00 0.00 0.00 0.00 0.00 0.00 0.00 0.00 0.00 0.00 0.00 0.00 0.00 0.00 0.00 0.00 0.00 0.00 0.00 0.00 0.00 0.00 0.00 0.00 0.00 0.00 0.00 0.00 0.00 0.00 0.00 0.00 0.00 0.00 0.00 0.00 0.00 0.00 0.00 0.00 0.00 0.00 0.00 0.00 0.00 0.00 0.00 0.00 0.00 0.00 0.00 0.00 0.00 0.00 0.00 0.00 0.00 0.00 0.00 0.00 0.00 0.00 0.00 0.00 0.00 0.00 0.00 0.00 0.00 0.00 0.00 0.00 0.00 0.00 0.00 0.00 0.00 1.00 1.00 1.00 2.00 2.00 2.00 3.00 4.00 4.00 4.00
0.00 0.00 0.00 0.00 0.00 0.00 0.00 0.00 0.00 0.00 0.00 0.00 0.00 0.00 0.00 0.00 0.00 0.00 0.00 0.00 0.00 0.00 0.00 0.00 0.00 0.00 0.00 0.00 0.00 0.00 0.00 0.00 0.00 0.00 0.00 0.00 0.00 0.00 0.00 0.00 0.00 0.00 0.00 0.00 0.00 0.00 0.00 0.00 0.00 0.00 0.00 0.00 0.00 0.00 0.00 0.00 0.00 0.00 0.00 0.00 0.00 0.00 0.00 0.00 0.00 0.00 0.00 0.00 0.00 0.00 0.00 0.00 0.00 0.00 0.00 0.00 0.00 0.00 0.00 0.00 0.00 0.00 0.00 0.00 0.00 0.00 0.00 0.00 0.00 0.00 0.00 0.00 1.00 2.00 2.00 2.00 3.00 3.00 3.00 3.00
0.00 0.00 0.00 0.00 0.00 0.00 0.00 0.00 0.00 0.00 0.00 0.00 0.00 0.00 0.00 0.00 0.00 0.00 0.00 0.00 0.00 0.00 0.00 0.00 0.00 0.00 0.00 0.00 0.00 0.00 0.00 0.00 0.00 0.00 0.00 0.00 0.00 0.00 0.00 0.00 0.00 0.00 0.00 0.00 0.00 0.00 0.00 0.00 0.00 0.00 0.00 0.00 0.00 0.00 0.00 0.00 0.00 0.00 0.00 0.00 0.00 0.00 0.00 0.00 0.00 0.00 0.00 0.00 0.00 0.00 0.00 0.00 0.00 0.00 0.00 0.00 0.00 0.00 0.00 0.00 0.00 0.00 0.00 0.00 0.00 0.00 0.00 0.00 0.00 0.00 0.00 0.00 1.00 2.00 2.00 2.00 2.00 2.00 2.00 3.00
0.00 0.00 0.00 0.00 0.00 0.00 0.00 0.00 0.00 0.00 0.00 0.00 0.00 0.00 0.00 0.00 0.00 0.00 0.00 0.00 0.00 0.00 0.00 0.00 0.00 0.00 0.00 0.00 0.00 0.00 0.00 0.00 0.00 0.00 0.00 0.00 0.00 0.00 0.00 0.00 0.00 0.00 0.00 0.00 0.00 0.00 0.00 0.00 0.00 0.00 0.00 0.00 0.00 0.00 0.00 0.00 0.00 0.00 0.00 0.00 0.00 0.00 0.00 0.00 0.00 0.00 0.00 0.00 0.00 0.00 0.00 0.00 0.00 0.00 0.00 0.00 0.00 0.00 0.00 0.00 0.00 0.00 0.00 0.00 0.00 0.00 0.00 0.00 0.00 0.00 0.00 0.00 1.00 1.00 1.00 1.00 1.00 2.00 2.00 3.00
0.00 0.00 0.00 0.00 0.00 0.00 0.00 0.00 0.00 0.00 0.00 0.00 0.00 0.00 0.00 0.00 0.00 0.00 0.00 0.00 0.00 0.00 0.00 0.00 0.00 0.00 0.00 0.00 0.00 0.00 0.00 0.00 0.00 0.00 0.00 0.00 0.00 0.00 0.00 0.00 0.00 0.00 0.00 0.00 0.00 0.00 0.00 0.00 0.00 0.00 0.00 0.00 0.00 0.00 0.00 0.00 0.00 0.00 0.00 0.00 0.00 0.00 0.00 0.00 0.00 0.00 0.00 0.00 0.00 0.00 0.00 0.00 0.00 0.00 0.00 0.00 0.00 0.00 0.00 0.00 0.00 0.00 0.00 0.00 0.00 0.00 0.00 0.00 0.00 0.00 0.00 0.00 0.00 0.00 0.00 1.00 1.00 2.00 2.00 3.00
0.00 0.00 0.00 0.00 0.00 0.00 0.00 0.00 0.00 0.00 0.00 0.00 0.00 0.00 0.00 0.00 0.00 0.00 0.00 0.00 0.00 0.00 0.00 0.00 0.00 0.00 0.00 0.00 0.00 0.00 0.00 0.00 0.00 0.00 0.00 0.00 0.00 0.00 0.00 0.00 0.00 0.00 0.00 0.00 0.00 0.00 0.00 0.00 0.00 0.00 0.00 0.00 0.00 0.00 0.00 0.00 0.00 0.00 0.00 0.00 0.00 0.00 0.00 0.00 0.00 0.00 0.00 0.00 0.00 0.00 0.00 0.00 0.00 0.00 0.00 0.00 0.00 0.00 0.00 0.00 0.00 0.00 0.00 0.00 0.00 0.00 0.00 0.00 0.00 0.00 0.00 0.00 0.00 0.00 0.00 1.00 1.00 1.00 2.00 2.00
0.00 0.00 0.00 0.00 0.00 0.00 0.00 0.00 0.00 0.00 0.00 0.00 0.00 0.00 0.00 0.00 0.00 0.00 0.00 0.00 0.00 0.00 0.00 0.00 0.00 0.00 0.00 0.00 0.00 0.00 0.00 0.00 0.00 0.00 0.00 0.00 0.00 0.00 0.00 0.00 0.00 0.00 0.00 0.00 0.00 0.00 0.00 0.00 0.00 0.00 0.00 0.00 0.00 0.00 0.00 0.00 0.00 0.00 0.00 0.00 0.00 0.00 0.00 0.00 0.00 0.00 0.00 0.00 0.00 0.00 0.00 0.00 0.00 0.00 0.00 0.00 0.00 0.00 0.00 0.00 0.00 0.00 0.00 0.00 0.00 0.00 0.00 0.00 0.00 0.00 0.00 0.00 0.00 0.00 0.00 1.00 1.00 1.00 2.00 2.00
0.00 0.00 0.00 0.00 0.00 0.00 0.00 0.00 0.00 0.00 0.00 0.00 0.00 0.00 0.00 0.00 0.00 0.00 0.00 0.00 0.00 0.00 0.00 0.00 0.00 0.00 0.00 0.00 0.00 0.00 0.00 0.00 0.00 0.00 0.00 0.00 0.00 0.00 0.00 0.00 0.00 0.00 0.00 0.00 0.00 0.00 0.00 0.00 0.00 0.00 0.00 0.00 0.00 0.00 0.00 0.00 0.00 0.00 0.00 0.00 0.00 0.00 0.00 0.00 0.00 0.00 0.00 0.00 0.00 0.00 0.00 0.00 0.00 0.00 0.00 0.00 0.00 0.00 0.00 0.00 0.00 0.00 0.00 0.00 0.00 0.00 0.00 0.00 0.00 0.00 0.00 0.00 0.00 0.00 0.00 0.00 0.00 1.00 2.00 2.00
0.00 0.00 0.00 0.00 0.00 0.00 0.00 0.00 0.00 0.00 0.00 0.00 0.00 0.00 0.00 0.00 0.00 0.00 0.00 0.00 0.00 0.00 0.00 0.00 0.00 0.00 0.00 0.00 0.00 0.00 0.00 0.00 0.00 0.00 0.00 0.00 0.00 0.00 0.00 0.00 0.00 0.00 0.00 0.00 0.00 0.00 0.00 0.00 0.00 0.00 0.00 0.00 0.00 0.00 0.00 0.00 0.00 0.00 0.00 0.00 0.00 0.00 0.00 0.00 0.00 0.00 0.00 0.00 0.00 0.00 0.00 0.00 0.00 0.00 0.00 0.00 0.00 0.00 0.00 0.00 0.00 0.00 0.00 0.00 0.00 0.00 0.00 0.00 0.00 0.00 0.00 0.00 0.00 0.00 0.00 0.00 0.00 1.00 1.00 1.00
0.00 0.00 0.00 0.00 0.00 0.00 0.00 0.00 0.00 0.00 0.00 0.00 0.00 0.00 0.00 0.00 0.00 0.00 0.00 0.00 0.00 0.00 0.00 0.00 0.00 0.00 0.00 0.00 0.00 0.00 0.00 0.00 0.00 0.00 0.00 0.00 0.00 0.00 0.00 0.00 0.00 0.00 0.00 0.00 0.00 0.00 0.00 0.00 0.00 0.00 0.00 0.00 0.00 0.00 0.00 0.00 0.00 0.00 0.00 0.00 0.00 0.00 0.00 0.00 0.00 0.00 0.00 0.00 0.00 0.00 0.00 0.00 0.00 0.00 0.00 0.00 0.00 0.00 0.00 0.00 0.00 0.00 0.00 0.00 0.00 0.00 0.00 0.00 0.00 0.00 0.00 0.00 0.00 0.00 0.00 0.00 0.00 0.00 0.00 1.00
0.00 0.00 0.00 0.00 0.00 0.00 0.00 0.00 0.00 0.00 0.00 0.00 0.00 0.00 0.00 0.00 0.00 0.00 0.00 0.00 0.00 0.00 0.00 0.00 0.00 0.00 0.00 0.00 0.00 0.00 0.00 0.00 0.00 0.00 0.00 0.00 0.00 0.00 0.00 0.00 0.00 0.00 0.00 0.00 0.00 0.00 0.00 0.00 0.00 0.00 0.00 0.00 0.00 0.00 0.00 0.00 0.00 0.00 0.00 0.00 0.00 0.00 0.00 0.00 0.00 0.00 0.00 0.00 0.00 0.00 0.00 0.00 0.00 0.00 0.00 0.00 0.00 0.00 0.00 0.00 0.00 0.00 0.00 0.00 0.00 0.00 0.00 0.00 0.00 0.00 0.00 0.00 0.00 0.00 0.00 0.00 0.00 0.00 0.00 1.00
0.00 0.00 0.00 0.00 0.00 0.00 0.00 0.00 0.00 0.00 0.00 0.00 0.00 0.00 0.00 0.00 0.00 0.00 0.00 0.00 0.00 0.00 0.00 0.00 0.00 0.00 0.00 0.00 0.00 0.00 0.00 0.00 0.00 0.00 0.00 0.00 0.00 0.00 0.00 0.00 0.00 0.00 0.00 0.00 0.00 0.00 0.00 0.00 0.00 0.00 0.00 0.00 0.00 0.00 0.00 0.00 0.00 0.00 0.00 0.00 0.00 0.00 0.00 0.00 0.00 0.00 0.00 0.00 0.00 0.00 0.00 0.00 0.00 0.00 0.00 0.00 0.00 0.00 0.00 0.00 0.00 0.00 0.00 0.00 0.00 0.00 0.00 0.00 0.00 0.00 0.00 0.00 0.00 0.00 0.00 0.00 0.00 0.00 0.00 0.00
0.00 0.00 0.00 0.00 0.00 0.00 0.00 0.00 0.00 0.00 0.00 0.00 0.00 0.00 0.00 0.00 0.00 0.00 0.00 0.00 0.00 0.00 0.00 0.00 0.00 0.00 0.00 0.00 0.00 0.00 0.00 0.00 0.00 0.00 0.00 0.00 0.00 0.00 0.00 0.00 0.00 0.00 0.00 0.00 0.00 0.00 0.00 0.00 0.00 0.00 0.00 0.00 0.00 0.00 0.00 0.00 0.00 0.00 0.00 0.00 0.00 0.00 0.00 0.00 0.00 0.00 0.00 0.00 0.00 0.00 0.00 0.00 0.00 0.00 0.00 0.00 0.00 0.00 0.00 0.00 0.00 0.00 0.00 0.00 0.00 0.00 0.00 0.00 0.00 0.00 0.00 0.00 0.00 0.00 0.00 0.00 0.00 0.00 0.00 0.00
0.00 0.00 0.00 0.00 0.00 0.00 0.00 0.00 0.00 0.00 0.00 0.00 0.00 0.00 0.00 0.00 0.00 0.00 0.00 0.00 0.00 0.00 0.00 0.00 0.00 0.00 0.00 0.00 0.00 0.00 0.00 0.00 0.00 0.00 0.00 0.00 0.00 0.00 0.00 0.00 0.00 0.00 0.00 0.00 0.00 0.00 0.00 0.00 0.00 0.00 0.00 0.00 0.00 0.00 0.00 0.00 0.00 0.00 0.00 0.00 0.00 0.00 0.00 0.00 0.00 0.00 0.00 0.00 0.00 0.00 0.00 0.00 0.00 0.00 0.00 0.00 0.00 0.00 0.00 0.00 0.00 0.00 0.00 0.00 0.00 0.00 0.00 0.00 0.00 0.00 0.00 0.00 0.00 0.00 0.00 0.00 0.00 0.00 0.00 0.00
0.00 0.00 0.00 0.00 0.00 0.00 0.00 0.00 0.00 0.00 0.00 0.00 0.00 0.00 0.00 0.00 0.00 0.00 0.00 0.00 0.00 0.00 0.00 0.00 0.00 0.00 0.00 0.00 0.00 0.00 0.00 0.00 0.00 0.00 0.00 0.00 0.00 0.00 0.00 0.00 0.00 0.00 0.00 0.00 0.00 0.00 0.00 0.00 0.00 0.00 0.00 0.00 0.00 0.00 0.00 0.00 0.00 0.00 0.00 0.00 0.00 0.00 0.00 0.00 0.00 0.00 0.00 0.00 0.00 0.00 0.00 0.00 0.00 0.00 0.00 0.00 0.00 0.00 0.00 0.00 0.00 0.00 0.00 0.00 0.00 0.00 0.00 0.00 0.00 0.00 0.00 0.00 0.00 0.00 0.00 0.00 0.00 0.00 0.00 0.00
