0.00 0.00 0.00 0.00 0.00 0.00 0.00 0.00 0.00 0.00 0.00 1.00 1.00 2.00 2.00 2.00 2.00 2.00 2.00 3.00 3.00 3.00 4.00 4.00 4.00 5.00 5.00 6.00 6.00 7.00 7.00 7.00 8.00 8.00 8.00 8.00 8.00 8.00 9.00 9.00 10.00 10.00 11.00 11.75 11.75 11.75 12.50 12.50 13.25 13.25 13.50 13.50 13.50 13.50 14.25 14.50 15.00 15.25 15.25 16.25 16.25 17.25 17.50 18.50 19.00 19.50 20.25 21.00 21.75 22.50 23.25 23.25
0.00 0.00 0.00 0.00 0.00 0.00 0.00 0.00 0.00 0.00 0.00 1.00 1.00 2.00 2.00 2.00 2.00 2.00 2.00 3.00 3.00 3.00 4.00 4.00 4.00 5.00 5.00 6.00 6.00 7.00 7.00 7.00 8.00 8.00 8.00 8.00 8.00 8.00 9.00 9.00 10.00 10.00 11.00 11.75 11.75 11.75 12.50 12.50 13.25 13.25 13.50 13.50 13.50 13.50 14.25 14.50 15.00 15.25 15.25 16.25 16.25 17.25 17.50 18.50 19.00 19.50 20.25 21.00 21.75 22.50 22.50 22.75
0.00 0.00 0.00 0.00 0.00 0.00 0.00 0.00 0.00 0.00 0.00 1.00 1.00 2.00 2.00 2.00 2.00 2.00 2.00 3.00 3.00 3.00 4.00 4.00 4.00 5.00 5.00 6.00 6.00 7.00 7.00 7.00 8.00 8.00 8.00 8.00 8.00 8.00 9.00 9.00 10.00 10.00 11.00 11.75 11.75 11.75 12.50 12.50 13.00 13.00 13.50 13.50 13.50 13.50 14.25 14.50 15.00 15.00 15.00 16.00 16.00 17.00 17.50 18.50 19.00 19.50 20.25 21.00 21.75 21.75 22.00 22.75
0.00 0.00 0.00 0.00 0.00 0.00 0.00 0.00 0.00 0.00 0.00 1.00 1.00 2.00 2.00 2.00 2.00 2.00 2.00 3.00 3.00 3.00 4.00 4.00 4.00 5.00 5.00 6.00 6.00 7.00 7.00 7.00 7.00 7.00 7.00 7.00 7.00 8.00 8.00 9.00 10.00 10.00 11.00 11.75 11.75 11.75 12.25 12.25 12.75 12.75 13.50 13.50 13.50 13.50 14.25 14.25 15.00 15.00 15.00 16.00 16.00 16.75 17.25 18.25 19.00 19.50 20.25 21.00 21.00 21.25 22.00 22.00
0.00 0.00 0.00 0.00 0.00 0.00 0.00 0.00 0.00 0.00 0.00 1.00 1.00 1.00 1.00 1.00 1.00 1.00 2.00 3.00 3.00 3.00 4.00 4.00 4.00 5.00 5.00 6.00 6.00 7.00 7.00 7.00 7.00 7.00 7.00 7.00 7.00 8.00 8.00 9.00 10.00 10.00 11.00 11.50 11.50 11.50 12.25 12.25 12.75 12.75 13.50 13.50 13.50 13.50 14.25 14.25 15.00 15.00 15.00 16.00 16.00 16.75 17.25 18.25 18.75 19.50 20.25 20.25 21.00 21.25 22.00 22.00
0.00 0.00 0.00 0.00 0.00 0.00 0.00 0.00 0.00 0.00 0.00 0.00 0.00 1.00 1.00 1.00 1.00 1.00 1.00 2.00 2.00 3.00 4.00 4.00 4.00 5.00 5.00 6.00 6.00 6.00 6.00 6.00 7.00 7.00 7.00 7.00 7.00 7.00 8.00 8.00 9.00 10.00 10.75 11.50 11.50 11.50 12.00 12.00 12.75 12.75 13.50 13.50 13.50 13.50 14.00 14.00 15.00 15.00 15.00 16.00 16.00 16.75 17.00 18.00 18.75 19.50 19.50 20.25 20.50 21.25 21.25 21.25
0.00 0.00 0.00 0.00 0.00 0.00 0.00 0.00 0.00 0.00 0.00 0.00 0.00 1.00 1.00 1.00 1.00 1.00 1.00 2.00 2.00 3.00 4.00 4.00 4.00 5.00 5.00 6.00 6.00 6.00 6.00 6.00 7.00 7.00 7.00 7.00 7.00 7.00 8.00 8.00 9.00 10.00 10.75 11.50 11.50 11.50 12.00 12.00 12.75 12.75 13.50 13.50 13.50 13.50 14.00 14.00 15.00 15.00 15.00 16.00 16.00 16.75 17.00 18.00 18.75 19.50 19.50 20.25 20.50 21.25 21.25 21.25
0.00 0.00 0.00 0.00 0.00 0.00 0.00 0.00 0.00 0.00 0.00 0.00 0.00 1.00 1.00 1.00 1.00 1.00 1.00 2.00 2.00 3.00 4.00 4.00 4.00 5.00 5.00 6.00 6.00 6.00 6.00 6.00 7.00 7.00 7.00 7.00 7.00 7.00 8.00 8.00 9.00 10.00 10.75 11.00 11.00 11.00 12.00 12.00 12.75 12.75 13.50 13.50 13.50 13.50 14.00 14.00 15.00 15.00 15.00 16.00 16.00 16.75 17.00 18.00 18.75 18.75 19.50 20.25 20.50 21.25 21.25 21.25
0.00 0.00 0.00 0.00 0.00 0.00 0.00 0.00 0.00 0.00 0.00 0.00 0.00 0.00 0.00 0.00 1.00 1.00 1.00 2.00 2.00 3.00 4.00 4.00 4.00 5.00 5.00 6.00 6.00 6.00 6.00 6.00 7.00 7.00 7.00 7.00 7.00 7.00 8.00 8.00 9.00 10.00 10.00 11.00 11.00 11.00 12.00 12.00 12.75 12.75 13.00 13.00 13.00 13.00 14.00 14.00 15.00 15.00 15.00 16.00 16.00 16.75 17.00 18.00 18.00 18.75 19.50 19.75 20.50 21.25 21.25 21.25
0.00 0.00 0.00 0.00 0.00 0.00 0.00 0.00 0.00 0.00 0.00 0.00 0.00 0.00 0.00 0.00 1.00 1.00 1.00 2.00 2.00 3.00 4.00 4.00 4.00 5.00 5.00 5.00 5.00 6.00 6.00 6.00 6.00 7.00 7.00 7.00 7.00 7.00 8.00 8.00 9.00 9.00 10.00 11.00 11.00 11.00 11.75 12.00 12.50 12.50 13.00 13.00 13.00 13.00 13.75 14.00 15.00 15.00 15.00 15.50 15.50 16.50 17.00 17.75 18.00 18.75 19.50 19.75 20.50 20.50 20.50 20.75
0.00 0.00 0.00 0.00 0.00 0.00 0.00 0.00 0.00 0.00 0.00 0.00 0.00 0.00 0.00 0.00 1.00 1.00 1.00 2.00 2.00 3.00 4.00 4.00 4.00 4.00 4.00 4.00 5.00 5.00 5.00 5.00 5.00 6.00 7.00 7.00 7.00 7.00 7.00 8.00 9.00 9.00 10.00 11.00 11.00 11.00 11.00 11.75 12.00 12.00 13.00 13.00 13.00 13.00 13.00 13.75 14.50 14.50 14.50 15.00 15.00 16.00 16.75 17.00 18.00 18.75 19.00 19.75 19.75 19.75 20.00 20.00
0.00 0.00 0.00 0.00 0.00 0.00 0.00 0.00 0.00 0.00 0.00 0.00 0.00 0.00 0.00 0.00 1.00 1.00 1.00 2.00 2.00 3.00 3.00 3.00 3.00 3.00 4.00 4.00 5.00 5.00 5.00 5.00 5.00 6.00 6.00 7.00 7.00 7.00 7.00 8.00 8.00 9.00 9.00 10.00 10.75 11.00 11.00 11.75 11.75 11.75 12.00 12.75 13.00 13.00 13.00 13.75 13.75 13.75 14.00 14.75 15.00 15.75 16.75 17.00 18.00 18.00 18.25 18.75 18.75 19.00 19.00 19.00
0.00 0.00 0.00 0.00 0.00 0.00 0.00 0.00 0.00 0.00 0.00 0.00 0.00 0.00 0.00 0.00 0.00 0.00 1.00 2.00 2.00 2.00 3.00 3.00 3.00 3.00 3.00 4.00 4.00 4.00 5.00 5.00 5.00 5.00 6.00 6.00 6.00 6.00 7.00 7.00 8.00 8.00 9.00 10.00 10.00 10.00 11.00 11.00 11.00 11.00 12.00 12.00 12.00 12.00 12.75 13.00 13.75 13.75 13.75 14.00 14.50 15.00 16.00 17.00 17.75 17.75 18.00 18.75 18.75 19.00 19.00 19.00
0.00 0.00 0.00 0.00 0.00 0.00 0.00 0.00 0.00 0.00 0.00 0.00 0.00 0.00 0.00 0.00 0.00 0.00 1.00 1.00 2.00 2.00 2.00 2.00 2.00 3.00 3.00 4.00 4.00 4.00 5.00 5.00 5.00 5.00 5.00 5.00 6.00 6.00 7.00 7.00 8.00 8.00 8.00 9.00 9.00 10.00 11.00 11.00 11.00 11.00 11.00 11.00 12.00 12.00 12.75 13.00 13.00 13.50 13.50 14.00 14.50 15.00 16.00 17.00 17.00 17.00 17.50 18.00 18.75 19.00 19.00 19.00
0.00 0.00 0.00 0.00 0.00 0.00 0.00 0.00 0.00 0.00 0.00 0.00 0.00 0.00 0.00 0.00 0.00 0.00 0.00 1.00 1.00 1.00 1.00 1.00 1.00 2.00 2.00 3.00 3.00 4.00 4.00 4.00 5.00 5.00 5.00 5.00 5.00 5.00 6.00 6.00 7.00 7.00 8.00 9.00 9.00 9.00 10.00 10.00 10.75 10.75 11.00 11.00 11.00 11.00 11.75 12.00 12.75 12.75 12.75 13.75 13.75 14.75 15.00 16.00 16.75 16.75 17.50 18.00 18.75 18.75 19.00 19.00
0.00 0.00 0.00 0.00 0.00 0.00 0.00 0.00 0.00 0.00 0.00 0.00 0.00 0.00 0.00 0.00 0.00 0.00 0.00 1.00 1.00 1.00 1.00 1.00 1.00 2.00 2.00 3.00 3.00 4.00 4.00 4.00 4.00 4.00 4.00 4.00 5.00 5.00 6.00 6.00 7.00 7.00 8.00 9.00 9.00 9.00 10.00 10.00 10.00 10.00 11.00 11.00 11.00 11.00 11.75 12.00 12.75 12.75 12.75 13.25 13.25 14.00 15.00 16.00 16.75 16.75 17.25 18.00 18.00 18.25 18.25 18.50
0.00 0.00 0.00 0.00 0.00 0.00 0.00 0.00 0.00 0.00 0.00 0.00 0.00 0.00 0.00 0.00 0.00 0.00 0.00 0.00 0.00 0.00 1.00 1.00 1.00 2.00 2.00 3.00 3.00 4.00 4.00 4.00 4.00 4.00 4.00 4.00 4.00 5.00 5.00 6.00 7.00 7.00 8.00 8.00 8.00 8.00 9.00 9.00 10.00 10.00 10.00 10.00 10.75 10.75 11.50 11.50 12.00 12.50 12.50 13.25 13.25 14.00 14.00 15.00 15.75 16.50 17.25 17.25 18.00 18.25 18.25 18.50
0.00 0.00 0.00 0.00 0.00 0.00 0.00 0.00 0.00 0.00 0.00 0.00 0.00 0.00 0.00 0.00 0.00 0.00 0.00 0.00 0.00 0.00 1.00 1.00 1.00 2.00 2.00 3.00 3.00 3.00 3.00 3.00 4.00 4.00 4.00 4.00 4.00 4.00 5.00 5.00 6.00 7.00 7.00 8.00 8.00 8.00 9.00 9.00 10.00 10.00 10.00 10.00 10.75 10.75 11.50 11.50 12.00 12.50 12.50 13.25 13.25 14.00 14.00 15.00 15.75 16.50 17.25 17.25 17.50 17.50 17.75 17.75
0.00 0.00 0.00 0.00 0.00 0.00 0.00 0.00 0.00 0.00 0.00 0.00 0.00 0.00 0.00 0.00 0.00 0.00 0.00 0.00 0.00 0.00 1.00 1.00 1.00 1.00 2.00 2.00 2.00 2.00 3.00 3.00 3.00 4.00 4.00 4.00 4.00 4.00 5.00 5.00 6.00 6.00 7.00 8.00 8.00 8.00 9.00 9.00 9.00 9.00 10.00 10.00 10.75 10.75 10.75 11.00 11.75 12.50 12.50 12.50 12.75 13.00 14.00 15.00 15.75 16.50 16.50 16.75 16.75 17.00 17.00 17.00
0.00 0.00 0.00 0.00 0.00 0.00 0.00 0.00 0.00 0.00 0.00 0.00 0.00 0.00 0.00 0.00 0.00 0.00 0.00 0.00 0.00 0.00 0.00 1.00 1.00 1.00 2.00 2.00 2.00 2.00 3.00 3.00 3.00 4.00 4.00 4.00 4.00 4.00 5.00 5.00 6.00 6.00 7.00 7.00 7.00 8.00 9.00 9.00 9.00 9.00 10.00 10.00 10.75 10.75 10.75 11.00 11.75 12.50 12.50 12.50 12.75 13.00 14.00 15.00 15.75 15.75 16.00 16.75 16.75 17.00 17.00 17.00
0.00 0.00 0.00 0.00 0.00 0.00 0.00 0.00 0.00 0.00 0.00 0.00 0.00 0.00 0.00 0.00 0.00 0.00 0.00 0.00 0.00 0.00 0.00 0.00 0.00 1.00 1.00 2.00 2.00 2.00 2.00 2.00 3.00 3.00 3.00 3.00 4.00 4.00 5.00 5.00 6.00 6.00 7.00 7.00 7.00 8.00 9.00 9.00 9.00 9.00 10.00 10.00 10.00 10.00 10.75 11.00 11.75 11.75 11.75 12.00 12.00 13.00 14.00 15.00 15.75 15.75 16.00 16.25 16.50 17.00 17.00 17.00
0.00 0.00 0.00 0.00 0.00 0.00 0.00 0.00 0.00 0.00 0.00 0.00 0.00 0.00 0.00 0.00 0.00 0.00 0.00 0.00 0.00 0.00 0.00 0.00 0.00 1.00 1.00 2.00 2.00 2.00 2.00 2.00 3.00 3.00 3.00 3.00 4.00 4.00 5.00 5.00 5.00 6.00 6.00 7.00 7.00 8.00 9.00 9.00 9.00 9.00 9.00 9.00 10.00 10.00 10.75 11.00 11.00 11.00 11.00 12.00 12.00 13.00 14.00 15.00 15.00 15.00 15.50 15.75 16.50 17.00 17.00 17.00
0.00 0.00 0.00 0.00 0.00 0.00 0.00 0.00 0.00 0.00 0.00 0.00 0.00 0.00 0.00 0.00 0.00 0.00 0.00 0.00 0.00 0.00 0.00 0.00 0.00 0.00 1.00 1.00 1.00 1.00 1.00 1.00 2.00 3.00 3.00 3.00 4.00 4.00 4.00 4.00 5.00 5.00 6.00 7.00 7.00 8.00 8.00 8.00 8.00 8.00 9.00 9.00 10.00 10.00 10.00 10.00 10.00 10.75 10.75 11.00 11.75 12.00 13.00 14.00 14.00 14.75 15.00 15.75 15.75 16.00 16.00 16.00
0.00 0.00 0.00 0.00 0.00 0.00 0.00 0.00 0.00 0.00 0.00 0.00 0.00 0.00 0.00 0.00 0.00 0.00 0.00 0.00 0.00 0.00 0.00 0.00 0.00 0.00 0.00 0.00 0.00 0.00 0.00 0.00 1.00 2.00 3.00 3.00 3.00 3.00 3.00 4.00 5.00 5.00 6.00 7.00 7.00 7.00 7.00 7.00 8.00 8.00 9.00 9.00 9.00 9.00 9.00 9.00 10.00 10.00 10.00 11.00 11.00 12.00 12.00 13.00 14.00 14.75 15.00 15.75 15.75 15.75 16.00 16.00
0.00 0.00 0.00 0.00 0.00 0.00 0.00 0.00 0.00 0.00 0.00 0.00 0.00 0.00 0.00 0.00 0.00 0.00 0.00 0.00 0.00 0.00 0.00 0.00 0.00 0.00 0.00 0.00 0.00 0.00 0.00 0.00 1.00 2.00 3.00 3.00 3.00 3.00 3.00 4.00 5.00 5.00 6.00 6.00 6.00 6.00 6.00 7.00 7.00 8.00 9.00 9.00 9.00 9.00 9.00 9.00 10.00 10.00 10.00 11.00 11.00 11.00 12.00 13.00 14.00 14.75 15.00 15.75 15.75 15.75 15.75 15.75
0.00 0.00 0.00 0.00 0.00 0.00 0.00 0.00 0.00 0.00 0.00 0.00 0.00 0.00 0.00 0.00 0.00 0.00 0.00 0.00 0.00 0.00 0.00 0.00 0.00 0.00 0.00 0.00 0.00 0.00 0.00 0.00 1.00 2.00 3.00 3.00 3.00 3.00 3.00 4.00 4.00 5.00 5.00 5.00 6.00 6.00 6.00 7.00 7.00 8.00 8.00 9.00 9.00 9.00 9.00 9.00 10.00 10.00 10.00 10.00 11.00 11.00 12.00 13.00 14.00 14.00 15.00 15.00 15.00 15.00 15.00 15.00
0.00 0.00 0.00 0.00 0.00 0.00 0.00 0.00 0.00 0.00 0.00 0.00 0.00 0.00 0.00 0.00 0.00 0.00 0.00 0.00 0.00 0.00 0.00 0.00 0.00 0.00 0.00 0.00 0.00 0.00 0.00 0.00 1.00 2.00 2.00 2.00 2.00 2.00 3.00 3.00 4.00 4.00 5.00 5.00 5.00 5.00 6.00 7.00 7.00 7.00 8.00 8.00 8.00 8.00 8.00 9.00 10.00 10.00 10.00 10.00 10.00 11.00 12.00 12.00 13.00 13.75 14.00 14.75 14.75 14.75 14.75 14.75
0.00 0.00 0.00 0.00 0.00 0.00 0.00 0.00 0.00 0.00 0.00 0.00 0.00 0.00 0.00 0.00 0.00 0.00 0.00 0.00 0.00 0.00 0.00 0.00 0.00 0.00 0.00 0.00 0.00 0.00 0.00 0.00 1.00 2.00 2.00 2.00 2.00 2.00 3.00 3.00 3.00 4.00 4.00 4.00 5.00 5.00 6.00 7.00 7.00 7.00 7.00 7.00 7.00 7.00 8.00 9.00 9.00 9.00 9.00 10.00 10.00 11.00 12.00 12.00 13.00 13.00 14.00 14.00 14.75 14.75 14.75 14.75
0.00 0.00 0.00 0.00 0.00 0.00 0.00 0.00 0.00 0.00 0.00 0.00 0.00 0.00 0.00 0.00 0.00 0.00 0.00 0.00 0.00 0.00 0.00 0.00 0.00 0.00 0.00 0.00 0.00 0.00 0.00 0.00 1.00 1.00 1.00 1.00 1.00 1.00 2.00 2.00 3.00 4.00 4.00 4.00 5.00 5.00 6.00 6.00 6.00 6.00 6.00 7.00 7.00 7.00 8.00 8.00 8.00 8.00 9.00 10.00 10.00 10.00 11.00 12.00 12.00 12.00 13.00 13.00 13.75 14.50 14.50 14.50
0.00 0.00 0.00 0.00 0.00 0.00 0.00 0.00 0.00 0.00 0.00 0.00 0.00 0.00 0.00 0.00 0.00 0.00 0.00 0.00 0.00 0.00 0.00 0.00 0.00 0.00 0.00 0.00 0.00 0.00 0.00 0.00 0.00 1.00 1.00 1.00 1.00 1.00 2.00 2.00 3.00 4.00 4.00 4.00 5.00 5.00 5.00 5.00 5.00 6.00 6.00 7.00 7.00 7.00 7.00 8.00 8.00 8.00 9.00 9.00 9.00 10.00 10.00 11.00 12.00 12.00 13.00 13.00 13.75 13.75 13.75 13.75
0.00 0.00 0.00 0.00 0.00 0.00 0.00 0.00 0.00 0.00 0.00 0.00 0.00 0.00 0.00 0.00 0.00 0.00 0.00 0.00 0.00 0.00 0.00 0.00 0.00 0.00 0.00 0.00 0.00 0.00 0.00 0.00 0.00 0.00 0.00 0.00 0.00 1.00 1.00 2.00 3.00 3.00 4.00 4.00 4.00 4.00 4.00 4.00 5.00 5.00 6.00 6.00 6.00 6.00 7.00 7.00 8.00 8.00 8.00 9.00 9.00 9.00 10.00 10.00 11.00 11.75 12.00 12.75 12.75 13.50 13.50 13.50
0.00 0.00 0.00 0.00 0.00 0.00 0.00 0.00 0.00 0.00 0.00 0.00 0.00 0.00 0.00 0.00 0.00 0.00 0.00 0.00 0.00 0.00 0.00 0.00 0.00 0.00 0.00 0.00 0.00 0.00 0.00 0.00 0.00 0.00 0.00 0.00 0.00 1.00 1.00 2.00 3.00 3.00 3.00 3.00 3.00 3.00 4.00 4.00 4.00 5.00 6.00 6.00 6.00 6.00 7.00 7.00 8.00 8.00 8.00 9.00 9.00 9.00 10.00 10.00 11.00 11.75 12.00 12.75 12.75 13.50 13.50 13.50
0.00 0.00 0.00 0.00 0.00 0.00 0.00 0.00 0.00 0.00 0.00 0.00 0.00 0.00 0.00 0.00 0.00 0.00 0.00 0.00 0.00 0.00 0.00 0.00 0.00 0.00 0.00 0.00 0.00 0.00 0.00 0.00 0.00 0.00 0.00 0.00 0.00 1.00 1.00 2.00 2.00 2.00 2.00 2.00 2.00 3.00 3.00 4.00 4.00 5.00 5.00 6.00 6.00 6.00 6.00 7.00 7.00 7.00 7.00 8.00 9.00 9.00 10.00 10.00 11.00 11.00 12.00 12.00 12.75 13.50 13.50 13.50
0.00 0.00 0.00 0.00 0.00 0.00 0.00 0.00 0.00 0.00 0.00 0.00 0.00 0.00 0.00 0.00 0.00 0.00 0.00 0.00 0.00 0.00 0.00 0.00 0.00 0.00 0.00 0.00 0.00 0.00 0.00 0.00 0.00 0.00 0.00 0.00 0.00 0.00 1.00 1.00 1.00 1.00 1.00 1.00 1.00 2.00 3.00 3.00 4.00 4.00 5.00 5.00 5.00 5.00 6.00 6.00 6.00 6.00 6.00 7.00 8.00 9.00 9.00 10.00 11.00 11.00 12.00 12.00 12.75 13.50 13.50 13.50
0.00 0.00 0.00 0.00 0.00 0.00 0.00 0.00 0.00 0.00 0.00 0.00 0.00 0.00 0.00 0.00 0.00 0.00 0.00 0.00 0.00 0.00 0.00 0.00 0.00 0.00 0.00 0.00 0.00 0.00 0.00 0.00 0.00 0.00 0.00 0.00 0.00 0.00 1.00 1.00 1.00 1.00 1.00 1.00 1.00 2.00 3.00 3.00 4.00 4.00 5.00 5.00 5.00 5.00 6.00 6.00 6.00 6.00 6.00 7.00 8.00 9.00 9.00 10.00 11.00 11.00 12.00 12.00 12.75 12.75 12.75 12.75
0.00 0.00 0.00 0.00 0.00 0.00 0.00 0.00 0.00 0.00 0.00 0.00 0.00 0.00 0.00 0.00 0.00 0.00 0.00 0.00 0.00 0.00 0.00 0.00 0.00 0.00 0.00 0.00 0.00 0.00 0.00 0.00 0.00 0.00 0.00 0.00 0.00 0.00 0.00 0.00 1.00 1.00 1.00 1.00 1.00 1.00 2.00 3.00 4.00 4.00 5.00 5.00 5.00 5.00 6.00 6.00 6.00 6.00 6.00 7.00 7.00 8.00 9.00 10.00 11.00 11.00 12.00 12.00 12.00 12.00 12.00 12.00
0.00 0.00 0.00 0.00 0.00 0.00 0.00 0.00 0.00 0.00 0.00 0.00 0.00 0.00 0.00 0.00 0.00 0.00 0.00 0.00 0.00 0.00 0.00 0.00 0.00 0.00 0.00 0.00 0.00 0.00 0.00 0.00 0.00 0.00 0.00 0.00 0.00 0.00 0.00 0.00 1.00 1.00 1.00 1.00 1.00 1.00 2.00 3.00 4.00 4.00 5.00 5.00 5.00 5.00 5.00 5.00 6.00 6.00 6.00 7.00 7.00 8.00 9.00 10.00 11.00 11.00 11.00 11.00 11.00 11.00 11.00 11.00
0.00 0.00 0.00 0.00 0.00 0.00 0.00 0.00 0.00 0.00 0.00 0.00 0.00 0.00 0.00 0.00 0.00 0.00 0.00 0.00 0.00 0.00 0.00 0.00 0.00 0.00 0.00 0.00 0.00 0.00 0.00 0.00 0.00 0.00 0.00 0.00 0.00 0.00 0.00 0.00 0.00 0.00 0.00 0.00 1.00 1.00 2.00 3.00 4.00 4.00 4.00 4.00 4.00 4.00 5.00 5.00 5.00 6.00 6.00 7.00 7.00 8.00 9.00 10.00 10.00 10.00 10.00 10.00 11.00 11.00 11.00 11.00
0.00 0.00 0.00 0.00 0.00 0.00 0.00 0.00 0.00 0.00 0.00 0.00 0.00 0.00 0.00 0.00 0.00 0.00 0.00 0.00 0.00 0.00 0.00 0.00 0.00 0.00 0.00 0.00 0.00 0.00 0.00 0.00 0.00 0.00 0.00 0.00 0.00 0.00 0.00 0.00 0.00 0.00 0.00 0.00 1.00 1.00 2.00 3.00 3.00 3.00 3.00 3.00 3.00 3.00 4.00 5.00 5.00 5.00 5.00 6.00 7.00 8.00 9.00 9.00 9.00 9.00 9.00 9.00 10.00 10.00 10.00 10.00
0.00 0.00 0.00 0.00 0.00 0.00 0.00 0.00 0.00 0.00 0.00 0.00 0.00 0.00 0.00 0.00 0.00 0.00 0.00 0.00 0.00 0.00 0.00 0.00 0.00 0.00 0.00 0.00 0.00 0.00 0.00 0.00 0.00 0.00 0.00 0.00 0.00 0.00 0.00 0.00 0.00 0.00 0.00 0.00 0.00 1.00 2.00 2.00 2.00 2.00 2.00 2.00 2.00 3.00 4.00 4.00 4.00 5.00 5.00 6.00 7.00 8.00 8.00 8.00 8.00 8.00 9.00 9.00 9.00 10.00 10.00 10.00
0.00 0.00 0.00 0.00 0.00 0.00 0.00 0.00 0.00 0.00 0.00 0.00 0.00 0.00 0.00 0.00 0.00 0.00 0.00 0.00 0.00 0.00 0.00 0.00 0.00 0.00 0.00 0.00 0.00 0.00 0.00 0.00 0.00 0.00 0.00 0.00 0.00 0.00 0.00 0.00 0.00 0.00 0.00 0.00 0.00 1.00 1.00 1.00 1.00 1.00 1.00 2.00 2.00 3.00 4.00 4.00 4.00 5.00 5.00 6.00 7.00 7.00 7.00 7.00 7.00 7.00 8.00 8.00 9.00 9.00 9.00 10.00
0.00 0.00 0.00 0.00 0.00 0.00 0.00 0.00 0.00 0.00 0.00 0.00 0.00 0.00 0.00 0.00 0.00 0.00 0.00 0.00 0.00 0.00 0.00 0.00 0.00 0.00 0.00 0.00 0.00 0.00 0.00 0.00 0.00 0.00 0.00 0.00 0.00 0.00 0.00 0.00 0.00 0.00 0.00 0.00 0.00 0.00 1.00 1.00 1.00 1.00 1.00 1.00 2.00 3.00 4.00 4.00 4.00 4.00 5.00 6.00 6.00 6.00 6.00 7.00 7.00 7.00 8.00 8.00 9.00 9.00 9.00 10.00
0.00 0.00 0.00 0.00 0.00 0.00 0.00 0.00 0.00 0.00 0.00 0.00 0.00 0.00 0.00 0.00 0.00 0.00 0.00 0.00 0.00 0.00 0.00 0.00 0.00 0.00 0.00 0.00 0.00 0.00 0.00 0.00 0.00 0.00 0.00 0.00 0.00 0.00 0.00 0.00 0.00 0.00 0.00 0.00 0.00 0.00 0.00 0.00 1.00 1.00 1.00 1.00 2.00 3.00 3.00 3.00 3.00 4.00 5.00 5.00 5.00 5.00 6.00 6.00 7.00 7.00 8.00 8.00 8.00 8.00 9.00 9.00
0.00 0.00 0.00 0.00 0.00 0.00 0.00 0.00 0.00 0.00 0.00 0.00 0.00 0.00 0.00 0.00 0.00 0.00 0.00 0.00 0.00 0.00 0.00 0.00 0.00 0.00 0.00 0.00 0.00 0.00 0.00 0.00 0.00 0.00 0.00 0.00 0.00 0.00 0.00 0.00 0.00 0.00 0.00 0.00 0.00 0.00 0.00 0.00 1.00 1.00 1.00 1.00 2.00 2.00 2.00 2.00 3.00 4.00 4.00 4.00 5.00 5.00 5.00 6.00 7.00 7.00 8.00 8.00 8.00 8.00 9.00 9.00
0.00 0.00 0.00 0.00 0.00 0.00 0.00 0.00 0.00 0.00 0.00 0.00 0.00 0.00 0.00 0.00 0.00 0.00 0.00 0.00 0.00 0.00 0.00 0.00 0.00 0.00 0.00 0.00 0.00 0.00 0.00 0.00 0.00 0.00 0.00 0.00 0.00 0.00 0.00 0.00 0.00 0.00 0.00 0.00 0.00 0.00 0.00 0.00 1.00 1.00 1.00 1.00 1.00 1.00 2.00 2.00 3.00 3.00 3.00 4.00 4.00 5.00 5.00 6.00 7.00 7.00 8.00 8.00 8.00 8.00 9.00 9.00
0.00 0.00 0.00 0.00 0.00 0.00 0.00 0.00 0.00 0.00 0.00 0.00 0.00 0.00 0.00 0.00 0.00 0.00 0.00 0.00 0.00 0.00 0.00 0.00 0.00 0.00 0.00 0.00 0.00 0.00 0.00 0.00 0.00 0.00 0.00 0.00 0.00 0.00 0.00 0.00 0.00 0.00 0.00 0.00 0.00 0.00 0.00 0.00 0.00 0.00 1.00 1.00 1.00 1.00 1.00 2.00 3.00 3.00 3.00 3.00 3.00 4.00 5.00 6.00 7.00 7.00 7.00 7.00 7.00 8.00 8.00 8.00
0.00 0.00 0.00 0.00 0.00 0.00 0.00 0.00 0.00 0.00 0.00 0.00 0.00 0.00 0.00 0.00 0.00 0.00 0.00 0.00 0.00 0.00 0.00 0.00 0.00 0.00 0.00 0.00 0.00 0.00 0.00 0.00 0.00 0.00 0.00 0.00 0.00 0.00 0.00 0.00 0.00 0.00 0.00 0.00 0.00 0.00 0.00 0.00 0.00 0.00 0.00 1.00 1.00 1.00 1.00 2.00 2.00 2.00 2.00 3.00 3.00 4.00 5.00 6.00 6.00 6.00 6.00 6.00 7.00 8.00 8.00 8.00
0.00 0.00 0.00 0.00 0.00 0.00 0.00 0.00 0.00 0.00 0.00 0.00 0.00 0.00 0.00 0.00 0.00 0.00 0.00 0.00 0.00 0.00 0.00 0.00 0.00 0.00 0.00 0.00 0.00 0.00 0.00 0.00 0.00 0.00 0.00 0.00 0.00 0.00 0.00 0.00 0.00 0.00 0.00 0.00 0.00 0.00 0.00 0.00 0.00 0.00 0.00 0.00 0.00 0.00 1.00 2.00 2.00 2.00 2.00 3.00 3.00 4.00 5.00 6.00 6.00 6.00 6.00 6.00 7.00 8.00 8.00 8.00
0.00 0.00 0.00 0.00 0.00 0.00 0.00 0.00 0.00 0.00 0.00 0.00 0.00 0.00 0.00 0.00 0.00 0.00 0.00 0.00 0.00 0.00 0.00 0.00 0.00 0.00 0.00 0.00 0.00 0.00 0.00 0.00 0.00 0.00 0.00 0.00 0.00 0.00 0.00 0.00 0.00 0.00 0.00 0.00 0.00 0.00 0.00 0.00 0.00 0.00 0.00 0.00 0.00 0.00 1.00 2.00 2.00 2.00 2.00 3.00 3.00 4.00 5.00 5.00 5.00 5.00 6.00 6.00 7.00 7.00 7.00 7.00
0.00 0.00 0.00 0.00 0.00 0.00 0.00 0.00 0.00 0.00 0.00 0.00 0.00 0.00 0.00 0.00 0.00 0.00 0.00 0.00 0.00 0.00 0.00 0.00 0.00 0.00 0.00 0.00 0.00 0.00 0.00 0.00 0.00 0.00 0.00 0.00 0.00 0.00 0.00 0.00 0.00 0.00 0.00 0.00 0.00 0.00 0.00 0.00 0.00 0.00 0.00 0.00 0.00 0.00 1.00 1.00 1.00 2.00 2.00 3.00 3.00 4.00 4.00 4.00 4.00 5.00 6.00 6.00 7.00 7.00 7.00 7.00
0.00 0.00 0.00 0.00 0.00 0.00 0.00 0.00 0.00 0.00 0.00 0.00 0.00 0.00 0.00 0.00 0.00 0.00 0.00 0.00 0.00 0.00 0.00 0.00 0.00 0.00 0.00 0.00 0.00 0.00 0.00 0.00 0.00 0.00 0.00 0.00 0.00 0.00 0.00 0.00 0.00 0.00 0.00 0.00 0.00 0.00 0.00 0.00 0.00 0.00 0.00 0.00 0.00 0.00 0.00 0.00 1.00 2.00 2.00 2.00 3.00 3.00 3.00 4.00 4.00 5.00 6.00 6.00 6.00 6.00 6.00 6.00
0.00 0.00 0.00 0.00 0.00 0.00 0.00 0.00 0.00 0.00 0.00 0.00 0.00 0.00 0.00 0.00 0.00 0.00 0.00 0.00 0.00 0.00 0.00 0.00 0.00 0.00 0.00 0.00 0.00 0.00 0.00 0.00 0.00 0.00 0.00 0.00 0.00 0.00 0.00 0.00 0.00 0.00 0.00 0.00 0.00 0.00 0.00 0.00 0.00 0.00 0.00 0.00 0.00 0.00 0.00 0.00 1.00 1.00 1.00 2.00 2.00 2.00 3.00 4.00 4.00 5.00 6.00 6.00 6.00 6.00 6.00 6.00
0.00 0.00 0.00 0.00 0.00 0.00 0.00 0.00 0.00 0.00 0.00 0.00 0.00 0.00 0.00 0.00 0.00 0.00 0.00 0.00 0.00 0.00 0.00 0.00 0.00 0.00 0.00 0.00 0.00 0.00 0.00 0.00 0.00 0.00 0.00 0.00 0.00 0.00 0.00 0.00 0.00 0.00 0.00 0.00 0.00 0.00 0.00 0.00 0.00 0.00 0.00 0.00 0.00 0.00 0.00 0.00 1.00 1.00 1.00 1.00 1.00 2.00 3.00 3.00 4.00 5.00 5.00 5.00 5.00 5.00 5.00 5.00
0.00 0.00 0.00 0.00 0.00 0.00 0.00 0.00 0.00 0.00 0.00 0.00 0.00 0.00 0.00 0.00 0.00 0.00 0.00 0.00 0.00 0.00 0.00 0.00 0.00 0.00 0.00 0.00 0.00 0.00 0.00 0.00 0.00 0.00 0.00 0.00 0.00 0.00 0.00 0.00 0.00 0.00 0.00 0.00 0.00 0.00 0.00 0.00 0.00 0.00 0.00 0.00 0.00 0.00 0.00 0.00 0.00 0.00 0.00 1.00 1.00 2.00 3.00 3.00 4.00 4.00 4.00 4.00 4.00 4.00 4.00 4.00
0.00 0.00 0.00 0.00 0.00 0.00 0.00 0.00 0.00 0.00 0.00 0.00 0.00 0.00 0.00 0.00 0.00 0.00 0.00 0.00 0.00 0.00 0.00 0.00 0.00 0.00 0.00 0.00 0.00 0.00 0.00 0.00 0.00 0.00 0.00 0.00 0.00 0.00 0.00 0.00 0.00 0.00 0.00 0.00 0.00 0.00 0.00 0.00 0.00 0.00 0.00 0.00 0.00 0.00 0.00 0.00 0.00 0.00 0.00 1.00 1.00 2.00 3.00 3.00 3.00 3.00 3.00 3.00 4.00 4.00 4.00 4.00
0.00 0.00 0.00 0.00 0.00 0.00 0.00 0.00 0.00 0.00 0.00 0.00 0.00 0.00 0.00 0.00 0.00 0.00 0.00 0.00 0.00 0.00 0.00 0.00 0.00 0.00 0.00 0.00 0.00 0.00 0.00 0.00 0.00 0.00 0.00 0.00 0.00 0.00 0.00 0.00 0.00 0.00 0.00 0.00 0.00 0.00 0.00 0.00 0.00 0.00 0.00 0.00 0.00 0.00 0.00 0.00 0.00 0.00 0.00 1.00 1.00 2.00 2.00 2.00 2.00 2.00 3.00 3.00 4.00 4.00 4.00 4.00
0.00 0.00 0.00 0.00 0.00 0.00 0.00 0.00 0.00 0.00 0.00 0.00 0.00 0.00 0.00 0.00 0.00 0.00 0.00 0.00 0.00 0.00 0.00 0.00 0.00 0.00 0.00 0.00 0.00 0.00 0.00 0.00 0.00 0.00 0.00 0.00 0.00 0.00 0.00 0.00 0.00 0.00 0.00 0.00 0.00 0.00 0.00 0.00 0.00 0.00 0.00 0.00 0.00 0.00 0.00 0.00 0.00 0.00 0.00 0.00 1.00 1.00 1.00 1.00 1.00 2.00 2.00 3.00 3.00 3.00 3.00 3.00
0.00 0.00 0.00 0.00 0.00 0.00 0.00 0.00 0.00 0.00 0.00 0.00 0.00 0.00 0.00 0.00 0.00 0.00 0.00 0.00 0.00 0.00 0.00 0.00 0.00 0.00 0.00 0.00 0.00 0.00 0.00 0.00 0.00 0.00 0.00 0.00 0.00 0.00 0.00 0.00 0.00 0.00 0.00 0.00 0.00 0.00 0.00 0.00 0.00 0.00 0.00 0.00 0.00 0.00 0.00 0.00 0.00 0.00 0.00 0.00 0.00 0.00 0.00 0.00 1.00 2.00 2.00 3.00 3.00 3.00 3.00 3.00
0.00 0.00 0.00 0.00 0.00 0.00 0.00 0.00 0.00 0.00 0.00 0.00 0.00 0.00 0.00 0.00 0.00 0.00 0.00 0.00 0.00 0.00 0.00 0.00 0.00 0.00 0.00 0.00 0.00 0.00 0.00 0.00 0.00 0.00 0.00 0.00 0.00 0.00 0.00 0.00 0.00 0.00 0.00 0.00 0.00 0.00 0.00 0.00 0.00 0.00 0.00 0.00 0.00 0.00 0.00 0.00 0.00 0.00 0.00 0.00 0.00 0.00 0.00 0.00 1.00 2.00 2.00 2.00 2.00 2.00 2.00 2.00
0.00 0.00 0.00 0.00 0.00 0.00 0.00 0.00 0.00 0.00 0.00 0.00 0.00 0.00 0.00 0.00 0.00 0.00 0.00 0.00 0.00 0.00 0.00 0.00 0.00 0.00 0.00 0.00 0.00 0.00 0.00 0.00 0.00 0.00 0.00 0.00 0.00 0.00 0.00 0.00 0.00 0.00 0.00 0.00 0.00 0.00 0.00 0.00 0.00 0.00 0.00 0.00 0.00 0.00 0.00 0.00 0.00 0.00 0.00 0.00 0.00 0.00 0.00 0.00 1.00 1.00 1.00 2.00 2.00 2.00 2.00 2.00
0.00 0.00 0.00 0.00 0.00 0.00 0.00 0.00 0.00 0.00 0.00 0.00 0.00 0.00 0.00 0.00 0.00 0.00 0.00 0.00 0.00 0.00 0.00 0.00 0.00 0.00 0.00 0.00 0.00 0.00 0.00 0.00 0.00 0.00 0.00 0.00 0.00 0.00 0.00 0.00 0.00 0.00 0.00 0.00 0.00 0.00 0.00 0.00 0.00 0.00 0.00 0.00 0.00 0.00 0.00 0.00 0.00 0.00 0.00 0.00 0.00 0.00 0.00 0.00 1.00 1.00 1.00 2.00 2.00 2.00 2.00 2.00
0.00 0.00 0.00 0.00 0.00 0.00 0.00 0.00 0.00 0.00 0.00 0.00 0.00 0.00 0.00 0.00 0.00 0.00 0.00 0.00 0.00 0.00 0.00 0.00 0.00 0.00 0.00 0.00 0.00 0.00 0.00 0.00 0.00 0.00 0.00 0.00 0.00 0.00 0.00 0.00 0.00 0.00 0.00 0.00 0.00 0.00 0.00 0.00 0.00 0.00 0.00 0.00 0.00 0.00 0.00 0.00 0.00 0.00 0.00 0.00 0.00 0.00 0.00 0.00 0.00 0.00 1.00 1.00 1.00 1.00 1.00 1.00
0.00 0.00 0.00 0.00 0.00 0.00 0.00 0.00 0.00 0.00 0.00 0.00 0.00 0.00 0.00 0.00 0.00 0.00 0.00 0.00 0.00 0.00 0.00 0.00 0.00 0.00 0.00 0.00 0.00 0.00 0.00 0.00 0.00 0.00 0.00 0.00 0.00 0.00 0.00 0.00 0.00 0.00 0.00 0.00 0.00 0.00 0.00 0.00 0.00 0.00 0.00 0.00 0.00 0.00 0.00 0.00 0.00 0.00 0.00 0.00 0.00 0.00 0.00 0.00 0.00 0.00 1.00 1.00 1.00 1.00 1.00 1.00
0.00 0.00 0.00 0.00 0.00 0.00 0.00 0.00 0.00 0.00 0.00 0.00 0.00 0.00 0.00 0.00 0.00 0.00 0.00 0.00 0.00 0.00 0.00 0.00 0.00 0.00 0.00 0.00 0.00 0.00 0.00 0.00 0.00 0.00 0.00 0.00 0.00 0.00 0.00 0.00 0.00 0.00 0.00 0.00 0.00 0.00 0.00 0.00 0.00 0.00 0.00 0.00 0.00 0.00 0.00 0.00 0.00 0.00 0.00 0.00 0.00 0.00 0.00 0.00 0.00 0.00 0.00 0.00 0.00 0.00 0.00 0.00
0.00 0.00 0.00 0.00 0.00 0.00 0.00 0.00 0.00 0.00 0.00 0.00 0.00 0.00 0.00 0.00 0.00 0.00 0.00 0.00 0.00 0.00 0.00 0.00 0.00 0.00 0.00 0.00 0.00 0.00 0.00 0.00 0.00 0.00 0.00 0.00 0.00 0.00 0.00 0.00 0.00 0.00 0.00 0.00 0.00 0.00 0.00 0.00 0.00 0.00 0.00 0.00 0.00 0.00 0.00 0.00 0.00 0.00 0.00 0.00 0.00 0.00 0.00 0.00 0.00 0.00 0.00 0.00 0.00 0.00 0.00 0.00
0.00 0.00 0.00 0.00 0.00 0.00 0.00 0.00 0.00 0.00 0.00 0.00 0.00 0.00 0.00 0.00 0.00 0.00 0.00 0.00 0.00 0.00 0.00 0.00 0.00 0.00 0.00 0.00 0.00 0.00 0.00 0.00 0.00 0.00 0.00 0.00 0.00 0.00 0.00 0.00 0.00 0.00 0.00 0.00 0.00 0.00 0.00 0.00 0.00 0.00 0.00 0.00 0.00 0.00 0.00 0.00 0.00 0.00 0.00 0.00 0.00 0.00 0.00 0.00 0.00 0.00 0.00 0.00 0.00 0.00 0.00 0.00
0.00 0.00 0.00 0.00 0.00 0.00 0.00 0.00 0.00 0.00 0.00 0.00 0.00 0.00 0.00 0.00 0.00 0.00 0.00 0.00 0.00 0.00 0.00 0.00 0.00 0.00 0.00 0.00 0.00 0.00 0.00 0.00 0.00 0.00 0.00 0.00 0.00 0.00 0.00 0.00 0.00 0.00 0.00 0.00 0.00 0.00 0.00 0.00 0.00 0.00 0.00 0.00 0.00 0.00 0.00 0.00 0.00 0.00 0.00 0.00 0.00 0.00 0.00 0.00 0.00 0.00 0.00 0.00 0.00 0.00 0.00 0.00
0.00 0.00 0.00 0.00 0.00 0.00 0.00 0.00 0.00 0.00 0.00 0.00 0.00 0.00 0.00 0.00 0.00 0.00 0.00 0.00 0.00 0.00 0.00 0.00 0.00 0.00 0.00 0.00 0.00 0.00 0.00 0.00 0.00 0.00 0.00 0.00 0.00 0.00 0.00 0.00 0.00 0.00 0.00 0.00 0.00 0.00 0.00 0.00 0.00 0.00 0.00 0.00 0.00 0.00 0.00 0.00 0.00 0.00 0.00 0.00 0.00 0.00 0.00 0.00 0.00 0.00 0.00 0.00 0.00 0.00 0.00 0.00
0.00 0.00 0.00 0.00 0.00 0.00 0.00 0.00 0.00 0.00 0.00 0.00 0.00 0.00 0.00 0.00 0.00 0.00 0.00 0.00 0.00 0.00 0.00 0.00 0.00 0.00 0.00 0.00 0.00 0.00 0.00 0.00 0.00 0.00 0.00 0.00 0.00 0.00 0.00 0.00 0.00 0.00 0.00 0.00 0.00 0.00 0.00 0.00 0.00 0.00 0.00 0.00 0.00 0.00 0.00 0.00 0.00 0.00 0.00 0.00 0.00 0.00 0.00 0.00 0.00 0.00 0.00 0.00 0.00 0.00 0.00 0.00
0.00 0.00 0.00 0.00 0.00 0.00 0.00 0.00 0.00 0.00 0.00 0.00 0.00 0.00 0.00 0.00 0.00 0.00 0.00 0.00 0.00 0.00 0.00 0.00 0.00 0.00 0.00 0.00 0.00 0.00 0.00 0.00 0.00 0.00 0.00 0.00 0.00 0.00 0.00 0.00 0.00 0.00 0.00 0.00 0.00 0.00 0.00 0.00 0.00 0.00 0.00 0.00 0.00 0.00 0.00 0.00 0.00 0.00 0.00 0.00 0.00 0.00 0.00 0.00 0.00 0.00 0.00 0.00 0.00 0.00 0.00 0.00
0.00 0.00 0.00 0.00 0.00 0.00 0.00 0.00 0.00 0.00 0.00 0.00 0.00 0.00 0.00 0.00 0.00 0.00 0.00 0.00 0.00 0.00 0.00 0.00 0.00 0.00 0.00 0.00 0.00 0.00 0.00 0.00 0.00 0.00 0.00 0.00 0.00 0.00 0.00 0.00 0.00 0.00 0.00 0.00 0.00 0.00 0.00 0.00 0.00 0.00 0.00 0.00 0.00 0.00 0.00 0.00 0.00 0.00 0.00 0.00 0.00 0.00 0.00 0.00 0.00 0.00 0.00 0.00 0.00 0.00 0.00 0.00
0.00 0.00 0.00 0.00 0.00 0.00 0.00 0.00 0.00 0.00 0.00 0.00 0.00 0.00 0.00 0.00 0.00 0.00 0.00 0.00 0.00 0.00 0.00 0.00 0.00 0.00 0.00 0.00 0.00 0.00 0.00 0.00 0.00 0.00 0.00 0.00 0.00 0.00 0.00 0.00 0.00 0.00 0.00 0.00 0.00 0.00 0.00 0.00 0.00 0.00 0.00 0.00 0.00 0.00 0.00 0.00 0.00 0.00 0.00 0.00 0.00 0.00 0.00 0.00 0.00 0.00 0.00 0.00 0.00 0.00 0.00 0.00
